 Total data pts read:      103573
  MINUIT RELEASE 96.03  INITIALIZED.   DIMENSIONS 100/ 50  EPSMAC=  0.89E-15

 PARAMETER DEFINITIONS:
    NO.   NAME         VALUE      STEP SIZE      LIMITS
     1 'N1        '    2000.0      0.10000E-02     no limits
     2 'SIG1      '   0.32000E-02  0.10000E-02     no limits
     3 'GAMMA     '   0.91000E-02  0.10000E-02     no limits
     4 'M1        '    1.5318      0.10000E-02     no limits
     5 'PWR       '   0.55732      0.10000E-02     no limits
     6 'A0        '   0.32449E+06  0.10000E-02     no limits
     7 'A1        '  -0.80838E+06  0.10000E-02     no limits
     8 'A2        '   0.10004E+07  0.10000E-02     no limits
     9 'A3        '  -0.45648E+06  0.10000E-02     no limits
    10 'N2        '    0.0000      constant
    11 'SIG2      '   0.66000E-02  0.10000E-02     no limits
    12 'M2        '    1.8620      0.10000E-02     no limits
 **********
 **    1 **CALL FCN   1.000    
 **********

 FCN=  -1162356.     FROM CALl fcn  STATUS=RESET          1 CALLS        1 TOTAL
                     EDM= unknown      STRATEGY= 1      NO ERROR MATRIX       

  EXT PARAMETER               CURRENT GUESS      PHYSICAL LIMITS       
  NO.   NAME        VALUE          ERROR       NEGATIVE      POSITIVE  
   1    N1          2000.0       0.10000E-02
   2    SIG1       0.32000E-02   0.10000E-02
   3    GAMMA      0.91000E-02   0.10000E-02
   4    M1          1.5318       0.10000E-02
   5    PWR        0.55732       0.10000E-02
   6    A0         0.32449E+06   0.10000E-02
   7    A1        -0.80838E+06   0.10000E-02
   8    A2         0.10004E+07   0.10000E-02
   9    A3        -0.45648E+06   0.10000E-02
  10    N2          0.0000       constant   
  11    SIG2       0.66000E-02   0.10000E-02
  12    M2          1.8620       0.10000E-02
 **********
 **    2 **SET PRINT   2.000    
 **********
 **********
 **    3 **SET STR   2.000    
 **********

 NOW USING STRATEGY  2: MAKE SURE MINIMUM TRUE, ERRORS CORRECT  

 **********
 **    4 **SET PAR    10.00       0.000    
 **********
 **********
 **    5 **MIGRAD
 **********

 FIRST CALL TO USER FUNCTION AT NEW START POINT, WITH IFLAG=4.
 START MIGRAD MINIMIZATION.  STRATEGY 2.  CONVERGENCE WHEN EDM .LT. 0.10E-03
   START COVARIANCE MATRIX CALCULATION.
 EIGENVALUES OF SECOND-DERIVATIVE MATRIX:
         0.3651E-03  0.1987E-02  0.7736E-01  0.5096E+00  0.9364E+00  0.9999E+00
         0.1000E+01  0.1000E+01  0.1057E+01  0.1423E+01  0.3995E+01
 COVARIANCE MATRIX CALCULATED SUCCESSFULLY

 FCN=  -1162356.     FROM HESSE     STATUS=OK           148 CALLS      150 TOTAL
                     EDM=  0.48E+01    STRATEGY= 2      ERROR MATRIX ACCURATE 

  EXT PARAMETER                                   STEP         FIRST   
  NO.   NAME        VALUE          ERROR          SIZE      DERIVATIVE 
   1    N1          2000.0        82.154       0.95367       0.30172E-01
   2    SIG1       0.32000E-02   0.62099E-05   0.79834E-02   -2267.6    
   3    GAMMA      0.91000E-02   0.42846E-03   0.10000E-02   -3091.6    
   4    M1          1.5318       0.29832E-03   0.10000E-02    3142.5    
   5    PWR        0.55732       0.11452E-01   0.10000E-02   -1001.9    
   6    A0         0.32449E+06    8934.9        15.473       0.13125E-02
   7    A1        -0.80838E+06    34694.        38.547       0.79371E-04
   8    A2         0.10004E+07    66280.        47.703       0.79820E-05
   9    A3        -0.45648E+06    52633.        21.767       0.50950E-05
  10    N2          0.0000       constant   
  11    SIG2       0.66000E-02   0.76601E-03   0.10000E-02   -21.477    
  12    M2          1.8620       0.20000E-02   0.10000E-02    0.0000    

 PARAMETER  CORRELATION COEFFICIENTS
       NO.  GLOBAL     1     2     3     4     5     6     7     8     9    11
        1  0.53370  1.000 0.003 0.407-0.013 0.249 0.079 0.015-0.076 0.082 0.000
        2  0.00373  0.003 1.000 0.000 0.001 0.001 0.000 0.000 0.000 0.000 0.000
        3  0.41690  0.407 0.000 1.000 0.062 0.135 0.047 0.003-0.037 0.042 0.000
        4  0.09596 -0.013 0.001 0.062 1.000-0.054-0.042 0.021 0.006-0.019 0.000
        5  0.96188  0.249 0.001 0.135-0.054 1.000 0.901-0.657 0.219 0.071 0.000
        6  0.99806  0.079 0.000 0.047-0.042 0.901 1.000-0.873 0.459-0.120 0.000
        7  0.99955  0.015 0.000 0.003 0.021-0.657-0.873 1.000-0.822 0.548 0.000
        8  0.99966 -0.076 0.000-0.037 0.006 0.219 0.459-0.822 1.000-0.923 0.000
        9  0.99871  0.082 0.000 0.042-0.019 0.071-0.120 0.548-0.923 1.000 0.000
       11  0.00000  0.000 0.000 0.000 0.000 0.000 0.000 0.000 0.000 0.000 1.000
       12  0.00000  0.000 0.000 0.000 0.000 0.000 0.000 0.000 0.000 0.000 0.000
                    1.000

 FCN=  -1162361.     FROM MIGRAD    STATUS=PROGRESS     175 CALLS      177 TOTAL
                     EDM=  0.63E-01    STRATEGY= 2      ERROR MATRIX ACCURATE 

  EXT PARAMETER                                   STEP         FIRST   
  NO.   NAME        VALUE          ERROR          SIZE      DERIVATIVE 
   1    N1          1998.9        82.154       -1.1026      -0.20803E-03
   2    SIG1       0.32000E-02   0.62099E-05   0.41645E-07   -1463.8    
   3    GAMMA      0.93699E-02   0.42846E-03   0.26989E-03   -269.17    
   4    M1          1.5316       0.29832E-03  -0.15006E-03    156.12    
   5    PWR        0.56989       0.11452E-01   0.12567E-01   -7.3149    
   6    A0         0.32765E+06    8934.9        3161.4      -0.26024E-04
   7    A1        -0.80526E+06    34694.        3122.1      -0.18520E-04
   8    A2         0.97541E+06    66280.       -24988.      -0.14291E-05
   9    A3        -0.43532E+06    52633.        21164.      -0.33620E-05
  10    N2          0.0000       constant   
  11    SIG2       0.66063E-02   0.76601E-03   0.63012E-05  -0.28869E-06
  12    M2          1.8620       0.20000E-02    0.0000        0.0000    

 FCN=  -1162362.     FROM MIGRAD    STATUS=PROGRESS     427 CALLS      429 TOTAL
                     EDM=  0.29E-04  STRATEGY=2  ERROR MATRIX UNCERTAINTY=  2.6%

  EXT PARAMETER                                   STEP         FIRST   
  NO.   NAME        VALUE          ERROR          SIZE      DERIVATIVE 
   1    N1          2030.7        87.331      -0.65553E-02  -0.12085E-04
   2    SIG1       0.35017E-02   0.59262E-03  -0.17274E-06    11.782    
   3    GAMMA      0.93329E-02   0.48909E-03   0.26192E-07    4.8325    
   4    M1          1.5317       0.29896E-03  -0.17515E-07    1.5747    
   5    PWR        0.55096       0.23612E-01   0.10405E-04  -0.50181    
   6    A0         0.30424E+06    25065.        10.734       0.51529E-06
   7    A1        -0.67746E+06   0.12923E+06   -51.995       0.21686E-06
   8    A2         0.72636E+06   0.24822E+06    91.971       0.11148E-06
   9    A3        -0.27342E+06   0.16311E+06   -55.635       0.54110E-07
  10    N2          0.0000       constant   
  11    SIG2       0.66063E-02   0.76601E-03   0.19742E-09  -0.65735E-02
  12    M2          1.8620       0.20000E-02    0.0000        0.0000    

 MIGRAD MINIMIZATION HAS CONVERGED.

 MIGRAD WILL VERIFY CONVERGENCE AND ERROR MATRIX.
   START COVARIANCE MATRIX CALCULATION.
 EIGENVALUES OF SECOND-DERIVATIVE MATRIX:
         0.6703E-02  0.8575E-02  0.7808E-01  0.4911E+00  0.4989E+00  0.9942E+00
         0.1000E+01  0.1000E+01  0.1120E+01  0.1821E+01  0.3982E+01
 COVARIANCE MATRIX CALCULATED SUCCESSFULLY

 FCN=  -1162362.     FROM MIGRAD    STATUS=CONVERGED    623 CALLS      625 TOTAL
                     EDM=  0.30E-04    STRATEGY= 2      ERROR MATRIX ACCURATE 

  EXT PARAMETER                                   STEP         FIRST   
  NO.   NAME        VALUE          ERROR          SIZE      DERIVATIVE 
   1    N1          2030.7        85.121        36.468       0.40506E-04
   2    SIG1       0.35013E-02   0.57245E-03   0.25043E-03    8.0045    
   3    GAMMA      0.93329E-02   0.47928E-03   0.20902E-03    10.696    
   4    M1          1.5317       0.30346E-03   0.15958E-03    1.3413    
   5    PWR        0.55099       0.74996E-02   0.16656E-02  -0.81906E-01
   6    A0         0.30428E+06    3932.5        290.09       0.19226E-05
   7    A1        -0.67765E+06    10127.        539.03       0.12065E-05
   8    A2         0.72669E+06    15875.        863.83       0.80172E-06
   9    A3        -0.27362E+06    17457.        1273.4       0.51292E-06
  10    N2          0.0000       constant   
  11    SIG2       0.66063E-02   0.76601E-03   0.40325E-03  -0.39912E-02
  12    M2          1.8620       0.20000E-02   0.10529E-02    0.0000    

 EXTERNAL ERROR MATRIX.    NDIM=  50    NPAR= 11    ERR DEF=  1.00    
 ELEMENTS ABOVE DIAGONAL ARE NOT PRINTED.
  0.725E+04
  0.123E-01 0.328E-06
  0.112E-01-0.110E-06 0.230E-06
  0.392E-03 0.284E-08 0.158E-08 0.921E-07
  0.229E+00 0.617E-06 0.409E-06-0.636E-07 0.562E-04
  0.437E+05 0.115E+00 0.842E-01-0.325E-01 0.238E+02 0.155E+08
 -0.380E+04-0.214E-02-0.240E-01 0.461E-01-0.368E+02-0.323E+08 0.103E+09
 -0.674E+05-0.181E+00-0.121E+00 0.407E-01-0.171E+02-0.310E+07-0.665E+08
  0.252E+09
 -0.103E+05-0.371E-01 0.481E-03-0.600E-01 0.338E+02 0.273E+08-0.270E+08
 -0.217E+09 0.305E+09
 -0.908E-11 0.888E-16-0.186E-15-0.128E-17-0.331E-15-0.682E-10 0.194E-10
  0.984E-10-0.390E-12 0.587E-06
  0.995E-20-0.974E-25 0.204E-24 0.141E-26 0.364E-24 0.748E-19-0.213E-19
 -0.108E-18 0.427E-21-0.644E-15 0.400E-05

 PARAMETER  CORRELATION COEFFICIENTS
       NO.  GLOBAL     1     2     3     4     5     6     7     8     9    11
        1  0.58101  1.000 0.253 0.274 0.015 0.359 0.130-0.004-0.050-0.007 0.000
        2  0.55625  0.253 1.000-0.400 0.016 0.144 0.051 0.000-0.020-0.004 0.000
        3  0.56005  0.274-0.400 1.000 0.011 0.114 0.045-0.005-0.016 0.000 0.000
        4  0.04582  0.015 0.016 0.011 1.000-0.028-0.027 0.015 0.008-0.011 0.000
        5  0.90665  0.359 0.144 0.114-0.028 1.000 0.808-0.485-0.144 0.258 0.000
        6  0.99004  0.130 0.051 0.045-0.027 0.808 1.000-0.811-0.050 0.397 0.000
        7  0.99471 -0.004 0.000-0.005 0.015-0.485-0.811 1.000-0.413-0.153 0.000
        8  0.99417 -0.050-0.020-0.016 0.008-0.144-0.050-0.413 1.000-0.783 0.000
        9  0.98830 -0.007-0.004 0.000-0.011 0.258 0.397-0.153-0.783 1.000 0.000
       11  0.00000  0.000 0.000 0.000 0.000 0.000 0.000 0.000 0.000 0.000 1.000
       12  0.00000  0.000 0.000 0.000 0.000 0.000 0.000 0.000 0.000 0.000 0.000
                    1.000
 **********
 **    6 **CALL FCN   3.000    
 **********

 EXTERNAL ERROR MATRIX.    NDIM=  11    NPAR= 11    ERR DEF=  1.00    
 ELEMENTS ABOVE DIAGONAL ARE NOT PRINTED.
  0.725E+04
  0.123E-01 0.328E-06
  0.112E-01-0.110E-06 0.230E-06
  0.392E-03 0.284E-08 0.158E-08 0.921E-07
  0.229E+00 0.617E-06 0.409E-06-0.636E-07 0.562E-04
  0.437E+05 0.115E+00 0.842E-01-0.325E-01 0.238E+02 0.155E+08
 -0.380E+04-0.214E-02-0.240E-01 0.461E-01-0.368E+02-0.323E+08 0.103E+09
 -0.674E+05-0.181E+00-0.121E+00 0.407E-01-0.171E+02-0.310E+07-0.665E+08
  0.252E+09
 -0.103E+05-0.371E-01 0.481E-03-0.600E-01 0.338E+02 0.273E+08-0.270E+08
 -0.217E+09 0.305E+09
 -0.908E-11 0.888E-16-0.186E-15-0.128E-17-0.331E-15-0.682E-10 0.194E-10
  0.984E-10-0.390E-12 0.587E-06
  0.995E-20-0.974E-25 0.204E-24 0.141E-26 0.364E-24 0.748E-19-0.213E-19
 -0.108E-18 0.427E-21-0.644E-15 0.400E-05
 **********
 **    7 **SET PAR    10.00       1.000    
 **********
 **********
 **    8 **MIGRAD
 **********

 FIRST CALL TO USER FUNCTION AT NEW START POINT, WITH IFLAG=4.
 START MIGRAD MINIMIZATION.  STRATEGY 2.  CONVERGENCE WHEN EDM .LT. 0.10E-03
   START COVARIANCE MATRIX CALCULATION.
 EIGENVALUES OF SECOND-DERIVATIVE MATRIX:
         0.3417E-03  0.2175E-02  0.7359E-01  0.4603E+00  0.5007E+00  0.9967E+00
         0.9986E+00  0.1001E+01  0.1123E+01  0.1845E+01  0.3998E+01
 COVARIANCE MATRIX CALCULATED SUCCESSFULLY

 FCN=  -1162362.     FROM HESSE     STATUS=OK           104 CALLS      731 TOTAL
                     EDM=  0.68E-04    STRATEGY= 2      ERROR MATRIX ACCURATE 

  EXT PARAMETER                                   STEP         FIRST   
  NO.   NAME        VALUE          ERROR          SIZE      DERIVATIVE 
   1    N1          2030.7        85.701        1.4587       0.40581E-04
   2    SIG1       0.35013E-02   0.58301E-03   0.50086E-04    8.4809    
   3    GAMMA      0.93329E-02   0.48968E-03   0.83610E-05    10.709    
   4    M1          1.5317       0.30302E-03   0.31916E-04    2.1565    
   5    PWR        0.55099       0.12121E-01   0.13325E-04   -1.9600    
   6    A0         0.30428E+06    9308.5        11.603       0.17551E-04
   7    A1        -0.67765E+06    36555.        21.561       0.74821E-05
   8    A2         0.72669E+06    66526.        34.553       0.33228E-05
   9    A3        -0.27362E+06    50336.        50.937       0.15262E-05
  10    N2          1.0000       constant   
  11    SIG2       0.66063E-02   0.76604E-03   0.80650E-04    2.5042    
  12    M2          1.8620       0.19992E-02   0.10529E-02   -2.6087    

 PARAMETER  CORRELATION COEFFICIENTS
       NO.  GLOBAL     1     2     3     4     5     6     7     8     9    11
        1  0.58863  1.000 0.243 0.272 0.009 0.254 0.069 0.026-0.081 0.083 0.000
        2  0.57957  0.243 1.000-0.433-0.003 0.095 0.023 0.014-0.034 0.033 0.000
        3  0.58521  0.272-0.433 1.000 0.012 0.085 0.031-0.001-0.020 0.024 0.000
        4  0.05617  0.009-0.003 0.012 1.000-0.047-0.041 0.025-0.002-0.013 0.000
        5  0.96534  0.254 0.095 0.085-0.047 1.000 0.904-0.692 0.312-0.023 0.000
        6  0.99823  0.069 0.023 0.031-0.041 0.904 1.000-0.895 0.544-0.212 0.000
        7  0.99959  0.026 0.014-0.001 0.025-0.692-0.895 1.000-0.850 0.584 0.000
        8  0.99967 -0.081-0.034-0.020-0.002 0.312 0.544-0.850 1.000-0.920 0.000
        9  0.99860  0.083 0.033 0.024-0.013-0.023-0.212 0.584-0.920 1.000 0.000
       11  0.00137  0.000 0.000 0.000 0.000 0.000 0.000 0.000 0.000 0.000 1.000
       12  0.00137  0.000 0.000 0.000 0.000 0.000 0.000 0.000 0.000 0.000-0.001
                    1.000

 FCN=  -1162362.     FROM MIGRAD    STATUS=PROGRESS     134 CALLS      761 TOTAL
                     EDM=  0.37E-05    STRATEGY= 2      ERROR MATRIX ACCURATE 

  EXT PARAMETER                                   STEP         FIRST   
  NO.   NAME        VALUE          ERROR          SIZE      DERIVATIVE 
   1    N1          2030.5        85.701      -0.22390       0.91847E-05
   2    SIG1       0.35004E-02   0.58301E-03  -0.84625E-06    1.5798    
   3    GAMMA      0.93321E-02   0.48968E-03  -0.80302E-06    2.4259    
   4    M1          1.5317       0.30302E-03  -0.63797E-07  -0.58982    
   5    PWR        0.55098       0.12121E-01  -0.17550E-04  -0.45437    
   6    A0         0.30427E+06    9308.5       -5.6785       0.40832E-05
   7    A1        -0.67767E+06    36555.       -13.452       0.17416E-05
   8    A2         0.72672E+06    66526.        27.696       0.76126E-06
   9    A3        -0.27362E+06    50336.        4.3233       0.35231E-06
  10    N2          1.0000       constant   
  11    SIG2       0.66057E-02   0.76604E-03  -0.56569E-06   0.58371    
  12    M2          1.8620       0.19992E-02   0.40006E-05  -0.55733    

 MIGRAD MINIMIZATION HAS CONVERGED.

 MIGRAD WILL VERIFY CONVERGENCE AND ERROR MATRIX.
   START COVARIANCE MATRIX CALCULATION.
 EIGENVALUES OF SECOND-DERIVATIVE MATRIX:
         0.5930E-03  0.2353E-02  0.7377E-01  0.4648E+00  0.5002E+00  0.9963E+00
         0.9987E+00  0.1001E+01  0.1123E+01  0.1842E+01  0.3998E+01
 COVARIANCE MATRIX CALCULATED SUCCESSFULLY

 FCN=  -1162362.     FROM MIGRAD    STATUS=CONVERGED    242 CALLS      869 TOTAL
                     EDM=  0.79E-05    STRATEGY= 2      ERROR MATRIX ACCURATE 

  EXT PARAMETER                                   STEP         FIRST   
  NO.   NAME        VALUE          ERROR          SIZE      DERIVATIVE 
   1    N1          2030.5        85.644        2.9175       0.94759E-05
   2    SIG1       0.35004E-02   0.58155E-03   0.10017E-03    1.4930    
   3    GAMMA      0.93321E-02   0.48810E-03   0.16722E-04    2.4078    
   4    M1          1.5317       0.30354E-03   0.63832E-04   -3.1812    
   5    PWR        0.55098       0.11277E-01   0.26650E-04  -0.45426    
   6    A0         0.30427E+06    8088.9        23.207       0.40930E-05
   7    A1        -0.67767E+06    28721.        43.122       0.17475E-05
   8    A2         0.72672E+06    51113.        69.106       0.76584E-06
   9    A3        -0.27362E+06    41685.        101.87       0.35475E-06
  10    N2          1.0000       constant   
  11    SIG2       0.66057E-02   0.76604E-03   0.16130E-03   0.58403    
  12    M2          1.8620       0.19992E-02   0.10524E-02  -0.61003    

 EXTERNAL ERROR MATRIX.    NDIM=  50    NPAR= 11    ERR DEF=  1.00    
 ELEMENTS ABOVE DIAGONAL ARE NOT PRINTED.
  0.733E+04
  0.122E-01 0.338E-06
  0.114E-01-0.122E-06 0.238E-06
  0.252E-03 0.843E-10 0.173E-08 0.921E-07
  0.271E+00 0.702E-06 0.510E-06-0.156E-06 0.127E-03
  0.654E+05 0.157E+00 0.146E+00-0.101E+00 0.819E+02 0.654E+08
  0.176E+05 0.978E-01-0.679E-01 0.216E+00-0.214E+03-0.203E+09 0.825E+09
 -0.327E+06-0.903E+00-0.505E+00 0.439E-01 0.993E+02 0.162E+09-0.113E+10
  0.261E+10
  0.261E+06 0.685E+00 0.475E+00-0.227E+00 0.710E+02 0.283E+07 0.495E+09
 -0.190E+10 0.174E+10
  0.138E-06 0.351E-12 0.265E-12-0.859E-13 0.679E-10 0.446E-04-0.123E-03
  0.135E-03-0.666E-04 0.587E-06
 -0.104E-05-0.306E-11-0.126E-11-0.158E-11 0.937E-09 0.869E-03-0.174E-02
 -0.251E-02 0.474E-02-0.205E-08 0.400E-05

 PARAMETER  CORRELATION COEFFICIENTS
       NO.  GLOBAL     1     2     3     4     5     6     7     8     9    11
        1  0.58794  1.000 0.244 0.273 0.010 0.281 0.094 0.007-0.075 0.073 0.000
        2  0.57605  0.244 1.000-0.428 0.000 0.107 0.033 0.006-0.030 0.028 0.000
        3  0.58179  0.273-0.428 1.000 0.012 0.093 0.037-0.005-0.020 0.023 0.000
        4  0.05488  0.010 0.000 0.012 1.000-0.046-0.041 0.025 0.003-0.018 0.000
        5  0.95985  0.281 0.107 0.093-0.046 1.000 0.897-0.660 0.172 0.151 0.000
        6  0.99766  0.094 0.033 0.037-0.041 0.897 1.000-0.875 0.393 0.008 0.000
        7  0.99934  0.007 0.006-0.005 0.025-0.660-0.875 1.000-0.771 0.414 0.000
        8  0.99944 -0.075-0.030-0.020 0.003 0.172 0.393-0.771 1.000-0.892 0.000
        9  0.99796  0.073 0.028 0.023-0.018 0.151 0.008 0.414-0.892 1.000 0.000
       11  0.00134  0.000 0.000 0.000 0.000 0.000 0.000 0.000 0.000 0.000 1.000
       12  0.00134  0.000 0.000 0.000 0.000 0.000 0.000 0.000 0.000 0.000-0.001
                    1.000
 **********
 **    9 **CALL FCN   3.000    
 **********

 EXTERNAL ERROR MATRIX.    NDIM=  11    NPAR= 11    ERR DEF=  1.00    
 ELEMENTS ABOVE DIAGONAL ARE NOT PRINTED.
  0.733E+04
  0.122E-01 0.338E-06
  0.114E-01-0.122E-06 0.238E-06
  0.252E-03 0.843E-10 0.173E-08 0.921E-07
  0.271E+00 0.702E-06 0.510E-06-0.156E-06 0.127E-03
  0.654E+05 0.157E+00 0.146E+00-0.101E+00 0.819E+02 0.654E+08
  0.176E+05 0.978E-01-0.679E-01 0.216E+00-0.214E+03-0.203E+09 0.825E+09
 -0.327E+06-0.903E+00-0.505E+00 0.439E-01 0.993E+02 0.162E+09-0.113E+10
  0.261E+10
  0.261E+06 0.685E+00 0.475E+00-0.227E+00 0.710E+02 0.283E+07 0.495E+09
 -0.190E+10 0.174E+10
  0.138E-06 0.351E-12 0.265E-12-0.859E-13 0.679E-10 0.446E-04-0.123E-03
  0.135E-03-0.666E-04 0.587E-06
 -0.104E-05-0.306E-11-0.126E-11-0.158E-11 0.937E-09 0.869E-03-0.174E-02
 -0.251E-02 0.474E-02-0.205E-08 0.400E-05
 **********
 **   10 **SET PAR    10.00       2.000    
 **********
 **********
 **   11 **MIGRAD
 **********

 FIRST CALL TO USER FUNCTION AT NEW START POINT, WITH IFLAG=4.
 START MIGRAD MINIMIZATION.  STRATEGY 2.  CONVERGENCE WHEN EDM .LT. 0.10E-03
   START COVARIANCE MATRIX CALCULATION.
 EIGENVALUES OF SECOND-DERIVATIVE MATRIX:
         0.5636E-03  0.2363E-02  0.7462E-01  0.4606E+00  0.5012E+00  0.9929E+00
         0.9971E+00  0.1003E+01  0.1125E+01  0.1845E+01  0.3998E+01
 COVARIANCE MATRIX CALCULATED SUCCESSFULLY

 FCN=  -1162362.     FROM HESSE     STATUS=OK           110 CALLS      981 TOTAL
                     EDM=  0.76E-04    STRATEGY= 2      ERROR MATRIX ACCURATE 

  EXT PARAMETER                                   STEP         FIRST   
  NO.   NAME        VALUE          ERROR          SIZE      DERIVATIVE 
   1    N1          2030.5        85.205       0.58349       0.95228E-05
   2    SIG1       0.35004E-02   0.58232E-03   0.20034E-04    1.2830    
   3    GAMMA      0.93321E-02   0.48723E-03   0.33444E-05    2.4116    
   4    M1          1.5317       0.30376E-03   0.25533E-03  -0.59862    
   5    PWR        0.55098       0.11815E-01   0.53300E-05   -2.3355    
   6    A0         0.30427E+06    8807.0        4.6414       0.19708E-04
   7    A1        -0.67767E+06    30846.        8.6245       0.80140E-05
   8    A2         0.72672E+06    49802.        13.821       0.32835E-05
   9    A3        -0.27362E+06    39321.        20.375       0.13660E-05
  10    N2          2.0000       constant   
  11    SIG2       0.66057E-02   0.76606E-03   0.32260E-04    2.9322    
  12    M2          1.8620       0.19984E-02   0.42098E-04   -3.2158    

 PARAMETER  CORRELATION COEFFICIENTS
       NO.  GLOBAL     1     2     3     4     5     6     7     8     9    11
        1  0.58216  1.000 0.242 0.268 0.013 0.257 0.084-0.006-0.047 0.045 0.000
        2  0.57920  0.242 1.000-0.435 0.022 0.096 0.028 0.002-0.020 0.018 0.000
        3  0.58394  0.268-0.435 1.000 0.010 0.084 0.034-0.010-0.010 0.013 0.000
        4  0.06313  0.013 0.022 0.010 1.000-0.046-0.043 0.030-0.004-0.015 0.000
        5  0.96368  0.257 0.096 0.084-0.046 1.000 0.912-0.733 0.288 0.093 0.000
        6  0.99802  0.084 0.028 0.034-0.043 0.912 1.000-0.907 0.474-0.020 0.000
        7  0.99943 -0.006 0.002-0.010 0.030-0.733-0.907 1.000-0.782 0.374 0.000
        8  0.99941 -0.047-0.020-0.010-0.004 0.288 0.474-0.782 1.000-0.863 0.000
        9  0.99771  0.045 0.018 0.013-0.015 0.093-0.020 0.374-0.863 1.000 0.000
       11  0.00289  0.000 0.000 0.000 0.000 0.000 0.000 0.000 0.000 0.000 1.000
       12  0.00289  0.000 0.000 0.000 0.000 0.000 0.000 0.000 0.000 0.000-0.003
                    1.000

 FCN=  -1162362.     FROM MIGRAD    STATUS=PROGRESS     134 CALLS     1005 TOTAL
                     EDM=  0.40E-05    STRATEGY= 2      ERROR MATRIX ACCURATE 

  EXT PARAMETER                                   STEP         FIRST   
  NO.   NAME        VALUE          ERROR          SIZE      DERIVATIVE 
   1    N1          2030.4        85.205      -0.71744E-01   0.18210E-05
   2    SIG1       0.35002E-02   0.58232E-03  -0.17084E-06   0.55824    
   3    GAMMA      0.93318E-02   0.48723E-03  -0.25639E-06   0.58051    
   4    M1          1.5317       0.30376E-03   0.41056E-07  -0.15440    
   5    PWR        0.55097       0.11815E-01  -0.10099E-04  -0.43016    
   6    A0         0.30427E+06    8807.0       -2.3059       0.38344E-05
   7    A1        -0.67769E+06    30846.       -27.198       0.15723E-05
   8    A2         0.72676E+06    49802.        36.985       0.60903E-06
   9    A3        -0.27361E+06    39321.        11.893       0.26543E-06
  10    N2          2.0000       constant   
  11    SIG2       0.66050E-02   0.76606E-03  -0.69931E-06   0.56869    
  12    M2          1.8620       0.19984E-02   0.51841E-05  -0.62208    

 MIGRAD MINIMIZATION HAS CONVERGED.

 MIGRAD WILL VERIFY CONVERGENCE AND ERROR MATRIX.
   START COVARIANCE MATRIX CALCULATION.
 EIGENVALUES OF SECOND-DERIVATIVE MATRIX:
         0.2863E-03  0.2075E-02  0.7352E-01  0.4589E+00  0.5008E+00  0.9958E+00
         0.9971E+00  0.1003E+01  0.1124E+01  0.1846E+01  0.3998E+01
 COVARIANCE MATRIX CALCULATED SUCCESSFULLY

 FCN=  -1162362.     FROM MIGRAD    STATUS=CONVERGED    240 CALLS     1111 TOTAL
                     EDM=  0.11E-04    STRATEGY= 2      ERROR MATRIX ACCURATE 

  EXT PARAMETER                                   STEP         FIRST   
  NO.   NAME        VALUE          ERROR          SIZE      DERIVATIVE 
   1    N1          2030.4        85.788        1.1670       0.18685E-05
   2    SIG1       0.35002E-02   0.58401E-03   0.40069E-04   0.31676    
   3    GAMMA      0.93318E-02   0.49018E-03   0.66888E-05   0.58801    
   4    M1          1.5317       0.30362E-03   0.10213E-03   0.27904    
   5    PWR        0.55097       0.12324E-01   0.10660E-04  -0.43044    
   6    A0         0.30427E+06    9596.1        9.2827       0.38343E-05
   7    A1        -0.67769E+06    39027.        17.249       0.15741E-05
   8    A2         0.72676E+06    73304.        27.643       0.60942E-06
   9    A3        -0.27361E+06    55237.        40.749       0.26675E-06
  10    N2          2.0000       constant   
  11    SIG2       0.66050E-02   0.76606E-03   0.64520E-04   0.56875    
  12    M2          1.8620       0.19984E-02   0.84196E-04  -0.62298    

 EXTERNAL ERROR MATRIX.    NDIM=  50    NPAR= 11    ERR DEF=  1.00    
 ELEMENTS ABOVE DIAGONAL ARE NOT PRINTED.
  0.736E+04
  0.122E-01 0.341E-06
  0.114E-01-0.124E-06 0.240E-06
  0.252E-03 0.619E-09 0.173E-08 0.922E-07
  0.263E+00 0.672E-06 0.507E-06-0.176E-06 0.152E-03
  0.514E+05 0.112E+00 0.134E+00-0.119E+00 0.107E+03 0.921E+08
  0.120E+06 0.401E+00 0.531E-01 0.281E+00-0.329E+03-0.334E+09 0.152E+10
 -0.572E+06-0.160E+01-0.839E+00-0.265E-01 0.290E+03 0.396E+09-0.248E+10
  0.537E+10
  0.444E+06 0.119E+01 0.743E+00-0.209E+00-0.364E+02-0.139E+09 0.137E+10
 -0.377E+10 0.305E+10
  0.495E-06 0.123E-11 0.973E-12-0.348E-12 0.206E-09 0.105E-03 0.388E-04
 -0.894E-03 0.923E-03 0.587E-06
 -0.326E-05-0.905E-11-0.484E-11-0.267E-11 0.168E-08 0.175E-02-0.460E-02
 -0.133E-02 0.638E-02-0.438E-08 0.399E-05

 PARAMETER  CORRELATION COEFFICIENTS
       NO.  GLOBAL     1     2     3     4     5     6     7     8     9    11
        1  0.58982  1.000 0.243 0.272 0.010 0.249 0.062 0.036-0.091 0.094 0.000
        2  0.58102  0.243 1.000-0.435 0.003 0.093 0.020 0.018-0.037 0.037 0.000
        3  0.58643  0.272-0.435 1.000 0.012 0.084 0.029 0.003-0.023 0.027 0.000
        4  0.05776  0.010 0.003 0.012 1.000-0.047-0.041 0.024-0.001-0.012 0.000
        5  0.96649  0.249 0.093 0.084-0.047 1.000 0.904-0.684 0.321-0.053 0.000
        6  0.99833  0.062 0.020 0.029-0.041 0.904 1.000-0.893 0.563-0.262 0.000
        7  0.99964  0.036 0.018 0.003 0.024-0.684-0.893 1.000-0.865 0.633 0.000
        8  0.99973 -0.091-0.037-0.023-0.001 0.321 0.563-0.865 1.000-0.932 0.000
        9  0.99884  0.094 0.037 0.027-0.012-0.053-0.262 0.633-0.932 1.000 0.000
       11  0.00286  0.000 0.000 0.000 0.000 0.000 0.000 0.000 0.000 0.000 1.000
       12  0.00286  0.000 0.000 0.000 0.000 0.000 0.000 0.000 0.000 0.000-0.003
                    1.000
 **********
 **   12 **CALL FCN   3.000    
 **********

 EXTERNAL ERROR MATRIX.    NDIM=  11    NPAR= 11    ERR DEF=  1.00    
 ELEMENTS ABOVE DIAGONAL ARE NOT PRINTED.
  0.736E+04
  0.122E-01 0.341E-06
  0.114E-01-0.124E-06 0.240E-06
  0.252E-03 0.619E-09 0.173E-08 0.922E-07
  0.263E+00 0.672E-06 0.507E-06-0.176E-06 0.152E-03
  0.514E+05 0.112E+00 0.134E+00-0.119E+00 0.107E+03 0.921E+08
  0.120E+06 0.401E+00 0.531E-01 0.281E+00-0.329E+03-0.334E+09 0.152E+10
 -0.572E+06-0.160E+01-0.839E+00-0.265E-01 0.290E+03 0.396E+09-0.248E+10
  0.537E+10
  0.444E+06 0.119E+01 0.743E+00-0.209E+00-0.364E+02-0.139E+09 0.137E+10
 -0.377E+10 0.305E+10
  0.495E-06 0.123E-11 0.973E-12-0.348E-12 0.206E-09 0.105E-03 0.388E-04
 -0.894E-03 0.923E-03 0.587E-06
 -0.326E-05-0.905E-11-0.484E-11-0.267E-11 0.168E-08 0.175E-02-0.460E-02
 -0.133E-02 0.638E-02-0.438E-08 0.399E-05
 **********
 **   13 **SET PAR    10.00       3.000    
 **********
 **********
 **   14 **MIGRAD
 **********

 FIRST CALL TO USER FUNCTION AT NEW START POINT, WITH IFLAG=4.
 START MIGRAD MINIMIZATION.  STRATEGY 2.  CONVERGENCE WHEN EDM .LT. 0.10E-03
   START COVARIANCE MATRIX CALCULATION.
 EIGENVALUES OF SECOND-DERIVATIVE MATRIX:
         0.1859E-02  0.3628E-02  0.7789E-01  0.4904E+00  0.5178E+00  0.9956E+00
         0.9958E+00  0.1004E+01  0.1114E+01  0.1803E+01  0.3996E+01
 COVARIANCE MATRIX CALCULATED SUCCESSFULLY

 FCN=  -1162362.     FROM HESSE     STATUS=OK           112 CALLS     1225 TOTAL
                     EDM=  0.80E-04    STRATEGY= 2      ERROR MATRIX ACCURATE 

  EXT PARAMETER                                   STEP         FIRST   
  NO.   NAME        VALUE          ERROR          SIZE      DERIVATIVE 
   1    N1          2030.4        85.441       0.23340       0.19079E-05
   2    SIG1       0.35002E-02   0.56696E-03   0.80138E-03    1.5680    
   3    GAMMA      0.93318E-02   0.47404E-03   0.13378E-05    2.2152    
   4    M1          1.5317       0.30549E-03   0.40852E-05    15.975    
   5    PWR        0.55097       0.10164E-01   0.21320E-05   -2.2838    
   6    A0         0.30427E+06    6750.3        1.8565       0.19435E-04
   7    A1        -0.67769E+06    19155.        3.4498       0.78405E-05
   8    A2         0.72676E+06    26102.        5.5285       0.31306E-05
   9    A3        -0.27361E+06    26136.        8.1499       0.12794E-05
  10    N2          3.0000       constant   
  11    SIG2       0.66050E-02   0.76608E-03   0.12904E-04    2.7591    
  12    M2          1.8620       0.19977E-02   0.16839E-04   -3.2244    

 PARAMETER  CORRELATION COEFFICIENTS
       NO.  GLOBAL     1     2     3     4     5     6     7     8     9    11
        1  0.58536  1.000 0.254 0.291 0.014 0.297 0.111-0.022-0.061 0.046 0.000
        2  0.53566  0.254 1.000-0.370 0.008 0.118 0.043-0.007-0.026 0.019 0.000
        3  0.54634  0.291-0.370 1.000 0.008 0.104 0.043-0.013-0.019 0.017 0.000
        4  0.05179  0.014 0.008 0.008 1.000-0.041-0.041 0.030 0.004-0.022 0.000
        5  0.95036  0.297 0.118 0.104-0.041 1.000 0.892-0.696 0.004 0.409-0.001
        6  0.99663  0.111 0.043 0.043-0.041 0.892 1.000-0.898 0.155 0.418-0.001
        7  0.99852 -0.022-0.007-0.013 0.030-0.696-0.898 1.000-0.524-0.117 0.001
        8  0.99785 -0.061-0.026-0.019 0.004 0.004 0.155-0.524 1.000-0.762 0.000
        9  0.99481  0.046 0.019 0.017-0.022 0.409 0.418-0.117-0.762 1.000-0.001
       11  0.00459  0.000 0.000 0.000 0.000-0.001-0.001 0.001 0.000-0.001 1.000
       12  0.00462  0.000 0.000 0.000 0.000-0.001-0.001 0.001-0.001 0.000-0.004
                    1.000

 FCN=  -1162362.     FROM MIGRAD    STATUS=PROGRESS     135 CALLS     1248 TOTAL
                     EDM=  0.77E-05    STRATEGY= 2      ERROR MATRIX ACCURATE 

  EXT PARAMETER                                   STEP         FIRST   
  NO.   NAME        VALUE          ERROR          SIZE      DERIVATIVE 
   1    N1          2030.4        85.441      -0.67981E-01   0.37384E-06
   2    SIG1       0.35000E-02   0.56696E-03  -0.25935E-06   -1.2154    
   3    GAMMA      0.93316E-02   0.47404E-03  -0.25893E-06   -1.6469    
   4    M1          1.5317       0.30549E-03  -0.71114E-06   -16.793    
   5    PWR        0.55095       0.10164E-01  -0.16712E-04   0.23862E-01
   6    A0         0.30426E+06    6750.3       -7.1846       0.68506E-07
   7    A1        -0.67771E+06    19155.       -18.021       0.57435E-07
   8    A2         0.72679E+06    26102.        30.953      -0.75796E-07
   9    A3        -0.27359E+06    26136.        15.920      -0.36461E-07
  10    N2          3.0000       constant   
  11    SIG2       0.66042E-02   0.76608E-03  -0.81864E-06   0.64730E-02
  12    M2          1.8620       0.19977E-02   0.64414E-05   0.25234E-03

 MIGRAD MINIMIZATION HAS CONVERGED.

 MIGRAD WILL VERIFY CONVERGENCE AND ERROR MATRIX.
   START COVARIANCE MATRIX CALCULATION.
 EIGENVALUES OF SECOND-DERIVATIVE MATRIX:
        -0.3498E-03  0.1691E-02  0.7212E-01  0.4749E+00  0.4990E+00  0.9957E+00
         0.9968E+00  0.1004E+01  0.1122E+01  0.1834E+01  0.4000E+01
 MINUIT WARNING IN HESSE   
 ============== MATRIX FORCED POS-DEF BY ADDING  0.43503E-02 TO DIAGONAL.

 FCN=  -1162362.     FROM MIGRAD    STATUS=CONVERGED    245 CALLS     1358 TOTAL
                     EDM=  0.40E-04    STRATEGY= 2      ERR MATRIX NOT POS-DEF

  EXT PARAMETER                APPROXIMATE        STEP         FIRST   
  NO.   NAME        VALUE          ERROR          SIZE      DERIVATIVE 
   1    N1          2030.4        84.996       0.46680       0.42272E-06
   2    SIG1       0.35000E-02   0.57515E-03   0.25203E-03   -1.1461    
   3    GAMMA      0.93316E-02   0.48285E-03   0.26755E-05   -2.0494    
   4    M1          1.5317       0.30233E-03   0.81705E-05   -28.981    
   5    PWR        0.55095       0.81885E-02   0.42640E-05   0.23070E-01
   6    A0         0.30426E+06    4651.7        3.7131       0.63646E-07
   7    A1        -0.67771E+06    12763.        6.8996       0.57199E-07
   8    A2         0.72679E+06    20228.        11.057      -0.77807E-07
   9    A3        -0.27359E+06    21028.        16.300      -0.36818E-07
  10    N2          3.0000       constant   
  11    SIG2       0.66042E-02   0.76442E-03   0.25808E-04   0.67437E-02
  12    M2          1.8620       0.19933E-02   0.33678E-04   0.19012E-03

 EXTERNAL ERROR MATRIX.    NDIM=  50    NPAR= 11    ERR DEF=  1.00    
 ELEMENTS ABOVE DIAGONAL ARE NOT PRINTED.
  0.722E+04
  0.119E-01 0.331E-06
  0.113E-01-0.115E-06 0.233E-06
  0.304E-03-0.376E-09 0.173E-08 0.914E-07
  0.240E+00 0.632E-06 0.437E-06-0.800E-07 0.671E-04
  0.505E+05 0.128E+00 0.101E+00-0.427E-01 0.318E+02 0.216E+08
 -0.169E+05-0.296E-01-0.618E-01 0.690E-01-0.579E+02-0.498E+08 0.163E+09
 -0.770E+05-0.207E+00-0.132E+00 0.466E-01-0.130E+02 0.406E+07-0.126E+09
  0.409E+09
  0.114E+05 0.186E-01 0.451E-01-0.879E-01 0.493E+02 0.362E+08-0.172E+08
 -0.342E+09 0.442E+09
 -0.725E-05-0.185E-10-0.140E-10 0.326E-11-0.273E-08-0.159E-02 0.373E-02
 -0.115E-02-0.159E-02 0.584E-06
 -0.245E-04-0.663E-10-0.420E-10 0.738E-11-0.620E-08-0.266E-02 0.423E-02
  0.121E-02-0.339E-02-0.657E-08 0.397E-05
 ERR MATRIX NOT POS-DEF

 PARAMETER  CORRELATION COEFFICIENTS
       NO.  GLOBAL     1     2     3     4     5     6     7     8     9    11
        1  0.58182  1.000 0.244 0.275 0.012 0.345 0.128-0.016-0.045 0.006 0.000
        2  0.56476  0.244 1.000-0.416-0.002 0.134 0.048-0.004-0.018 0.002 0.000
        3  0.57150  0.275-0.416 1.000 0.012 0.110 0.045-0.010-0.013 0.004 0.000
        4  0.04249  0.012-0.002 0.012 1.000-0.032-0.030 0.018 0.008-0.014 0.000
        5  0.92198  0.345 0.134 0.110-0.032 1.000 0.835-0.554-0.078 0.286 0.000
        6  0.99292  0.128 0.048 0.045-0.030 0.835 1.000-0.839 0.043 0.370 0.000
        7  0.99669 -0.016-0.004-0.010 0.018-0.554-0.839 1.000-0.489-0.064 0.000
        8  0.99643 -0.045-0.018-0.013 0.008-0.078 0.043-0.489 1.000-0.804 0.000
        9  0.99199  0.006 0.002 0.004-0.014 0.286 0.370-0.064-0.804 1.000 0.000
       11  0.00434  0.000 0.000 0.000 0.000 0.000 0.000 0.000 0.000 0.000 1.000
       12  0.00433  0.000 0.000 0.000 0.000 0.000 0.000 0.000 0.000 0.000-0.004
                    1.000
 ERR MATRIX NOT POS-DEF
 **********
 **   15 **CALL FCN   3.000    
 **********

 EXTERNAL ERROR MATRIX.    NDIM=  11    NPAR= 11    ERR DEF=  1.00    
 ELEMENTS ABOVE DIAGONAL ARE NOT PRINTED.
  0.722E+04
  0.119E-01 0.331E-06
  0.113E-01-0.115E-06 0.233E-06
  0.304E-03-0.376E-09 0.173E-08 0.914E-07
  0.240E+00 0.632E-06 0.437E-06-0.800E-07 0.671E-04
  0.505E+05 0.128E+00 0.101E+00-0.427E-01 0.318E+02 0.216E+08
 -0.169E+05-0.296E-01-0.618E-01 0.690E-01-0.579E+02-0.498E+08 0.163E+09
 -0.770E+05-0.207E+00-0.132E+00 0.466E-01-0.130E+02 0.406E+07-0.126E+09
  0.409E+09
  0.114E+05 0.186E-01 0.451E-01-0.879E-01 0.493E+02 0.362E+08-0.172E+08
 -0.342E+09 0.442E+09
 -0.725E-05-0.185E-10-0.140E-10 0.326E-11-0.273E-08-0.159E-02 0.373E-02
 -0.115E-02-0.159E-02 0.584E-06
 -0.245E-04-0.663E-10-0.420E-10 0.738E-11-0.620E-08-0.266E-02 0.423E-02
  0.121E-02-0.339E-02-0.657E-08 0.397E-05
 **********
 **   16 **SET PAR    10.00       4.000    
 **********
 **********
 **   17 **MIGRAD
 **********

 FIRST CALL TO USER FUNCTION AT NEW START POINT, WITH IFLAG=4.
 START MIGRAD MINIMIZATION.  STRATEGY 2.  CONVERGENCE WHEN EDM .LT. 0.10E-03
   START COVARIANCE MATRIX CALCULATION.
 EIGENVALUES OF SECOND-DERIVATIVE MATRIX:
        -0.1261E-01 -0.5483E-02  0.6211E-01  0.4587E+00  0.4984E+00  0.9943E+00
         0.9948E+00  0.1006E+01  0.1126E+01  0.1848E+01  0.4030E+01
 MINUIT WARNING IN HESSE   
 ============== MATRIX FORCED POS-DEF BY ADDING  0.16643E-01 TO DIAGONAL.

 FCN=  -1162362.     FROM HESSE     STATUS=NOT POSDEF   118 CALLS     1478 TOTAL
                     EDM=  0.31E-03    STRATEGY= 2      ERR MATRIX NOT POS-DEF

  EXT PARAMETER                APPROXIMATE        STEP         FIRST   
  NO.   NAME        VALUE          ERROR          SIZE      DERIVATIVE 
   1    N1          2030.4        83.539       0.93359E-01   0.35538E-06
   2    SIG1       0.35000E-02   0.57371E-03   0.50407E-04   -3.1736    
   3    GAMMA      0.93316E-02   0.48246E-03   0.53510E-06    63.907    
   4    M1          1.5317       0.30091E-03   0.16341E-03   -16.400    
   5    PWR        0.55095       0.66681E-02   0.85280E-04   -1.8488    
   6    A0         0.30426E+06    3343.2       0.74262       0.15675E-04
   7    A1        -0.67771E+06    8260.2        1.3799       0.63311E-05
   8    A2         0.72679E+06    21506.        2.2114       0.24355E-05
   9    A3        -0.27359E+06    25554.        3.2599       0.97044E-06
  10    N2          4.0000       constant   
  11    SIG2       0.66042E-02   0.75980E-03   0.51616E-05    2.0434    
  12    M2          1.8620       0.19804E-02   0.67357E-05   -2.5936    

 PARAMETER  CORRELATION COEFFICIENTS
       NO.  GLOBAL     1     2     3     4     5     6     7     8     9    11
        1  0.56787  1.000 0.234 0.266 0.015 0.348 0.091 0.050-0.037-0.019 0.000
        2  0.57049  0.234 1.000-0.433 0.013 0.128 0.021 0.037-0.016-0.013 0.000
        3  0.57725  0.266-0.433 1.000 0.012 0.115 0.049-0.011-0.012 0.005 0.000
        4  0.04268  0.015 0.013 0.012 1.000-0.026-0.024 0.005 0.017-0.015 0.000
        5  0.88235  0.348 0.128 0.115-0.026 1.000 0.748-0.236-0.396 0.369-0.002
        6  0.98642  0.091 0.021 0.049-0.024 0.748 1.000-0.636-0.444 0.603-0.003
        7  0.99210  0.050 0.037-0.011 0.005-0.236-0.636 1.000-0.248-0.151 0.000
        8  0.99686 -0.037-0.016-0.012 0.017-0.396-0.444-0.248 1.000-0.895 0.005
        9  0.99460 -0.019-0.013 0.005-0.015 0.369 0.603-0.151-0.895 1.000-0.005
       11  0.00778  0.000 0.000 0.000 0.000-0.002-0.003 0.000 0.005-0.005 1.000
       12  0.00937  0.000 0.000 0.000 0.000-0.001-0.001-0.004 0.007-0.006-0.006
                    1.000
 ERR MATRIX NOT POS-DEF

 FCN=  -1162362.     FROM MIGRAD    STATUS=PROGRESS     145 CALLS     1505 TOTAL
                     EDM=  0.48E-04    STRATEGY= 2      ERR MATRIX NOT POS-DEF

  EXT PARAMETER                APPROXIMATE        STEP         FIRST   
  NO.   NAME        VALUE          ERROR          SIZE      DERIVATIVE 
   1    N1          2030.3        83.539      -0.65107E-01   0.77187E-06
   2    SIG1       0.35008E-02   0.57371E-03   0.79181E-06  -0.52227    
   3    GAMMA      0.93302E-02   0.48246E-03  -0.14171E-05   -12.458    
   4    M1          1.5317       0.30091E-03   0.13278E-06   -13.446    
   5    PWR        0.55095       0.66681E-02  -0.39528E-05   -1.4955    
   6    A0         0.30426E+06    3343.2      -0.99635       0.12727E-04
   7    A1        -0.67771E+06    8260.2       -3.6423       0.51463E-05
   8    A2         0.72679E+06    21506.        3.2698       0.19697E-05
   9    A3        -0.27358E+06    25554.        6.2419       0.79841E-06
  10    N2          4.0000       constant   
  11    SIG2       0.66041E-02   0.75980E-03  -0.11193E-06    1.6681    
  12    M2          1.8620       0.19804E-02   0.94597E-06   -2.1213    

 MIGRAD MINIMIZATION HAS CONVERGED.

 MIGRAD WILL VERIFY CONVERGENCE AND ERROR MATRIX.
   START COVARIANCE MATRIX CALCULATION.
 EIGENVALUES OF SECOND-DERIVATIVE MATRIX:
         0.3775E-03  0.2211E-02  0.7395E-01  0.4716E+00  0.4990E+00  0.9944E+00
         0.9945E+00  0.1006E+01  0.1124E+01  0.1837E+01  0.3998E+01
 COVARIANCE MATRIX CALCULATED SUCCESSFULLY

 FCN=  -1162362.     FROM MIGRAD    STATUS=CONVERGED    282 CALLS     1642 TOTAL
                     EDM=  0.32E-04    STRATEGY= 2      ERROR MATRIX ACCURATE 

