 Total data pts read:      103573
  MINUIT RELEASE 96.03  INITIALIZED.   DIMENSIONS 100/ 50  EPSMAC=  0.89E-15

 PARAMETER DEFINITIONS:
    NO.   NAME         VALUE      STEP SIZE      LIMITS
     1 'N1        '    2000.0      0.10000E-02     no limits
     2 'SIG1      '   0.32000E-02  0.10000E-02     no limits
     3 'GAMMA     '   0.91000E-02  0.10000E-02     no limits
     4 'M1        '    1.5318      0.10000E-02     no limits
     5 'PWR       '   0.55732      0.10000E-02     no limits
     6 'A0        '   0.32449E+06  0.10000E-02     no limits
     7 'A1        '  -0.80838E+06  0.10000E-02     no limits
     8 'A2        '   0.10004E+07  0.10000E-02     no limits
     9 'A3        '  -0.45648E+06  0.10000E-02     no limits
    10 'N2        '    0.0000      constant
    11 'SIG2      '   0.66000E-02  0.10000E-02     no limits
    12 'M2        '    1.8620      0.10000E-02     no limits
 **********
 **    1 **CALL FCN   1.000    
 **********

 FCN=  -1162356.     FROM CALl fcn  STATUS=RESET          1 CALLS        1 TOTAL
                     EDM= unknown      STRATEGY= 1      NO ERROR MATRIX       

  EXT PARAMETER               CURRENT GUESS      PHYSICAL LIMITS       
  NO.   NAME        VALUE          ERROR       NEGATIVE      POSITIVE  
   1    N1          2000.0       0.10000E-02
   2    SIG1       0.32000E-02   0.10000E-02
   3    GAMMA      0.91000E-02   0.10000E-02
   4    M1          1.5318       0.10000E-02
   5    PWR        0.55732       0.10000E-02
   6    A0         0.32449E+06   0.10000E-02
   7    A1        -0.80838E+06   0.10000E-02
   8    A2         0.10004E+07   0.10000E-02
   9    A3        -0.45648E+06   0.10000E-02
  10    N2          0.0000       constant   
  11    SIG2       0.66000E-02   0.10000E-02
  12    M2          1.8620       0.10000E-02
 **********
 **    2 **SET PRINT   2.000    
 **********
 **********
 **    3 **SET STR   2.000    
 **********

 NOW USING STRATEGY  2: MAKE SURE MINIMUM TRUE, ERRORS CORRECT  

 **********
 **    4 **SET PAR    10.00       0.000    
 **********
 **********
 **    5 **MIGRAD
 **********

 FIRST CALL TO USER FUNCTION AT NEW START POINT, WITH IFLAG=4.
 START MIGRAD MINIMIZATION.  STRATEGY 2.  CONVERGENCE WHEN EDM .LT. 0.10E-03
   START COVARIANCE MATRIX CALCULATION.
 EIGENVALUES OF SECOND-DERIVATIVE MATRIX:
         0.3651E-03  0.1987E-02  0.7736E-01  0.5096E+00  0.9364E+00  0.9999E+00
         0.1000E+01  0.1000E+01  0.1057E+01  0.1423E+01  0.3995E+01
 COVARIANCE MATRIX CALCULATED SUCCESSFULLY

 FCN=  -1162356.     FROM HESSE     STATUS=OK           148 CALLS      150 TOTAL
                     EDM=  0.48E+01    STRATEGY= 2      ERROR MATRIX ACCURATE 

  EXT PARAMETER                                   STEP         FIRST   
  NO.   NAME        VALUE          ERROR          SIZE      DERIVATIVE 
   1    N1          2000.0        82.154       0.95367       0.30172E-01
   2    SIG1       0.32000E-02   0.62099E-05   0.79834E-02   -2267.6    
   3    GAMMA      0.91000E-02   0.42846E-03   0.10000E-02   -3091.6    
   4    M1          1.5318       0.29832E-03   0.10000E-02    3142.5    
   5    PWR        0.55732       0.11452E-01   0.10000E-02   -1001.9    
   6    A0         0.32449E+06    8934.9        15.473       0.13125E-02
   7    A1        -0.80838E+06    34694.        38.547       0.79371E-04
   8    A2         0.10004E+07    66280.        47.703       0.79820E-05
   9    A3        -0.45648E+06    52633.        21.767       0.50950E-05
  10    N2          0.0000       constant   
  11    SIG2       0.66000E-02   0.76601E-03   0.10000E-02   -21.477    
  12    M2          1.8620       0.20000E-02   0.10000E-02    0.0000    

 PARAMETER  CORRELATION COEFFICIENTS
       NO.  GLOBAL     1     2     3     4     5     6     7     8     9    11
        1  0.53370  1.000 0.003 0.407-0.013 0.249 0.079 0.015-0.076 0.082 0.000
        2  0.00373  0.003 1.000 0.000 0.001 0.001 0.000 0.000 0.000 0.000 0.000
        3  0.41690  0.407 0.000 1.000 0.062 0.135 0.047 0.003-0.037 0.042 0.000
        4  0.09596 -0.013 0.001 0.062 1.000-0.054-0.042 0.021 0.006-0.019 0.000
        5  0.96188  0.249 0.001 0.135-0.054 1.000 0.901-0.657 0.219 0.071 0.000
        6  0.99806  0.079 0.000 0.047-0.042 0.901 1.000-0.873 0.459-0.120 0.000
        7  0.99955  0.015 0.000 0.003 0.021-0.657-0.873 1.000-0.822 0.548 0.000
        8  0.99966 -0.076 0.000-0.037 0.006 0.219 0.459-0.822 1.000-0.923 0.000
        9  0.99871  0.082 0.000 0.042-0.019 0.071-0.120 0.548-0.923 1.000 0.000
       11  0.00000  0.000 0.000 0.000 0.000 0.000 0.000 0.000 0.000 0.000 1.000
       12  0.00000  0.000 0.000 0.000 0.000 0.000 0.000 0.000 0.000 0.000 0.000
                    1.000

 FCN=  -1162361.     FROM MIGRAD    STATUS=PROGRESS     175 CALLS      177 TOTAL
                     EDM=  0.63E-01    STRATEGY= 2      ERROR MATRIX ACCURATE 

  EXT PARAMETER                                   STEP         FIRST   
  NO.   NAME        VALUE          ERROR          SIZE      DERIVATIVE 
   1    N1          1998.9        82.154       -1.1026      -0.20802E-03
   2    SIG1       0.32000E-02   0.62099E-05   0.41645E-07   -1465.2    
   3    GAMMA      0.93699E-02   0.42846E-03   0.26989E-03   -269.18    
   4    M1          1.5316       0.29832E-03  -0.15006E-03    156.13    
   5    PWR        0.56989       0.11452E-01   0.12567E-01   -7.3149    
   6    A0         0.32765E+06    8934.9        3161.4      -0.26025E-04
   7    A1        -0.80526E+06    34694.        3122.0      -0.18520E-04
   8    A2         0.97541E+06    66280.       -24988.      -0.14291E-05
   9    A3        -0.43532E+06    52633.        21164.      -0.33618E-05
  10    N2          0.0000       constant   
  11    SIG2       0.66063E-02   0.76601E-03   0.63012E-05  -0.28869E-06
  12    M2          1.8620       0.20000E-02    0.0000        0.0000    

 FCN=  -1162362.     FROM MIGRAD    STATUS=PROGRESS     426 CALLS      428 TOTAL
                     EDM=  0.18E-04  STRATEGY=2  ERROR MATRIX UNCERTAINTY=  2.1%

  EXT PARAMETER                                   STEP         FIRST   
  NO.   NAME        VALUE          ERROR          SIZE      DERIVATIVE 
   1    N1          2030.6        87.031       0.13768E-01  -0.42478E-04
   2    SIG1       0.35008E-02   0.59747E-03  -0.25678E-06    7.3050    
   3    GAMMA      0.93332E-02   0.48983E-03  -0.96672E-08    5.8287    
   4    M1          1.5317       0.29900E-03  -0.16171E-06    9.1681    
   5    PWR        0.55100       0.23434E-01   0.20271E-04  -0.15250    
   6    A0         0.30428E+06    24860.        20.749       0.15630E-05
   7    A1        -0.67769E+06   0.12816E+06   -94.803       0.67296E-06
   8    A2         0.72681E+06   0.24623E+06    150.02       0.13219E-06
   9    A3        -0.27373E+06   0.16189E+06   -78.401      -0.94864E-07
  10    N2          0.0000       constant   
  11    SIG2       0.66063E-02   0.76601E-03  -0.19047E-08   0.19238E-01
  12    M2          1.8620       0.20000E-02    0.0000        0.0000    
 MIGRAD FAILS TO FIND IMPROVEMENT

 MIGRAD MINIMIZATION HAS CONVERGED.

 MIGRAD WILL VERIFY CONVERGENCE AND ERROR MATRIX.
   START COVARIANCE MATRIX CALCULATION.
 EIGENVALUES OF SECOND-DERIVATIVE MATRIX:
         0.6703E-02  0.8575E-02  0.7808E-01  0.4910E+00  0.4989E+00  0.9941E+00
         0.1000E+01  0.1000E+01  0.1120E+01  0.1821E+01  0.3982E+01
 COVARIANCE MATRIX CALCULATED SUCCESSFULLY

 FCN=  -1162362.     FROM MIGRAD    STATUS=CONVERGED    576 CALLS      578 TOTAL
                     EDM=  0.35E-04    STRATEGY= 2      ERROR MATRIX ACCURATE 

  EXT PARAMETER                                   STEP         FIRST   
  NO.   NAME        VALUE          ERROR          SIZE      DERIVATIVE 
   1    N1          2030.6        85.119        36.468       0.76615E-05
   2    SIG1       0.35008E-02   0.57249E-03   0.25045E-03    7.1011    
   3    GAMMA      0.93332E-02   0.47928E-03   0.20902E-03    13.336    
   4    M1          1.5317       0.30345E-03   0.15958E-03    8.6264    
   5    PWR        0.55100       0.74996E-02   0.16656E-02   0.84693E-01
   6    A0         0.30428E+06    3932.5        290.09       0.30855E-05
   7    A1        -0.67770E+06    10127.        539.03       0.17133E-05
   8    A2         0.72683E+06    15875.        863.83       0.85915E-06
   9    A3        -0.27374E+06    17457.        1273.4       0.38965E-06
  10    N2          0.0000       constant   
  11    SIG2       0.66063E-02   0.76601E-03   0.40325E-03   0.18333E-01
  12    M2          1.8620       0.20000E-02   0.10529E-02    0.0000    

 EXTERNAL ERROR MATRIX.    NDIM=  50    NPAR= 11    ERR DEF=  1.00    
 ELEMENTS ABOVE DIAGONAL ARE NOT PRINTED.
  0.725E+04
  0.123E-01 0.328E-06
  0.112E-01-0.110E-06 0.230E-06
  0.393E-03 0.286E-08 0.158E-08 0.921E-07
  0.229E+00 0.617E-06 0.409E-06-0.636E-07 0.562E-04
  0.437E+05 0.115E+00 0.842E-01-0.325E-01 0.238E+02 0.155E+08
 -0.380E+04-0.213E-02-0.240E-01 0.461E-01-0.368E+02-0.323E+08 0.103E+09
 -0.674E+05-0.181E+00-0.121E+00 0.407E-01-0.171E+02-0.310E+07-0.665E+08
  0.252E+09
 -0.103E+05-0.371E-01 0.479E-03-0.600E-01 0.338E+02 0.273E+08-0.270E+08
 -0.217E+09 0.305E+09
  0.000E+00 0.000E+00 0.000E+00 0.000E+00 0.000E+00 0.000E+00 0.000E+00
  0.000E+00 0.000E+00 0.587E-06
  0.000E+00 0.000E+00 0.000E+00 0.000E+00 0.000E+00 0.000E+00 0.000E+00
  0.000E+00 0.000E+00 0.000E+00 0.400E-05

 PARAMETER  CORRELATION COEFFICIENTS
       NO.  GLOBAL     1     2     3     4     5     6     7     8     9    11
        1  0.58100  1.000 0.253 0.274 0.015 0.359 0.130-0.004-0.050-0.007 0.000
        2  0.55627  0.253 1.000-0.400 0.016 0.144 0.051 0.000-0.020-0.004 0.000
        3  0.56007  0.274-0.400 1.000 0.011 0.114 0.045-0.005-0.016 0.000 0.000
        4  0.04586  0.015 0.016 0.011 1.000-0.028-0.027 0.015 0.008-0.011 0.000
        5  0.90665  0.359 0.144 0.114-0.028 1.000 0.808-0.485-0.144 0.258 0.000
        6  0.99004  0.130 0.051 0.045-0.027 0.808 1.000-0.811-0.050 0.397 0.000
        7  0.99471 -0.004 0.000-0.005 0.015-0.485-0.811 1.000-0.413-0.153 0.000
        8  0.99417 -0.050-0.020-0.016 0.008-0.144-0.050-0.413 1.000-0.783 0.000
        9  0.98830 -0.007-0.004 0.000-0.011 0.258 0.397-0.153-0.783 1.000 0.000
       11  0.00000  0.000 0.000 0.000 0.000 0.000 0.000 0.000 0.000 0.000 1.000
       12  0.00000  0.000 0.000 0.000 0.000 0.000 0.000 0.000 0.000 0.000 0.000
                    1.000
 **********
 **    6 **CALL FCN   3.000    
 **********

 EXTERNAL ERROR MATRIX.    NDIM=  11    NPAR= 11    ERR DEF=  1.00    
 ELEMENTS ABOVE DIAGONAL ARE NOT PRINTED.
  0.725E+04
  0.123E-01 0.328E-06
  0.112E-01-0.110E-06 0.230E-06
  0.393E-03 0.286E-08 0.158E-08 0.921E-07
  0.229E+00 0.617E-06 0.409E-06-0.636E-07 0.562E-04
  0.437E+05 0.115E+00 0.842E-01-0.325E-01 0.238E+02 0.155E+08
 -0.380E+04-0.213E-02-0.240E-01 0.461E-01-0.368E+02-0.323E+08 0.103E+09
 -0.674E+05-0.181E+00-0.121E+00 0.407E-01-0.171E+02-0.310E+07-0.665E+08
  0.252E+09
 -0.103E+05-0.371E-01 0.479E-03-0.600E-01 0.338E+02 0.273E+08-0.270E+08
 -0.217E+09 0.305E+09
  0.000E+00 0.000E+00 0.000E+00 0.000E+00 0.000E+00 0.000E+00 0.000E+00
  0.000E+00 0.000E+00 0.587E-06
  0.000E+00 0.000E+00 0.000E+00 0.000E+00 0.000E+00 0.000E+00 0.000E+00
  0.000E+00 0.000E+00 0.000E+00 0.400E-05
 **********
 **    7 **STOP 
 **********
 **********
 **    8 **CALL FCN   1.000    
 **********
 **********
 **    9 **SET PRINT   2.000    
 **********
 **********
 **   10 **SET STR   2.000    
 **********

 NOW USING STRATEGY  2: MAKE SURE MINIMUM TRUE, ERRORS CORRECT  

 **********
 **   11 **SET PAR    10.00       1.000    
 **********
 **********
 **   12 **MIGRAD
 **********

 FIRST CALL TO USER FUNCTION AT NEW START POINT, WITH IFLAG=4.
 START MIGRAD MINIMIZATION.  STRATEGY 2.  CONVERGENCE WHEN EDM .LT. 0.10E-03
   START COVARIANCE MATRIX CALCULATION.
 EIGENVALUES OF SECOND-DERIVATIVE MATRIX:
         0.3220E-03  0.2128E-02  0.7363E-01  0.4612E+00  0.5005E+00  0.9966E+00
         0.9986E+00  0.1001E+01  0.1123E+01  0.1844E+01  0.3998E+01
 COVARIANCE MATRIX CALCULATED SUCCESSFULLY

 FCN=  -1162362.     FROM HESSE     STATUS=OK           100 CALLS      681 TOTAL
                     EDM=  0.86E-04    STRATEGY= 2      ERROR MATRIX ACCURATE 

  EXT PARAMETER                                   STEP         FIRST   
  NO.   NAME        VALUE          ERROR          SIZE      DERIVATIVE 
   1    N1          2030.6        85.795       0.29174       0.77234E-05
   2    SIG1       0.35008E-02   0.58242E-03   0.50089E-04    7.1763    
   3    GAMMA      0.93332E-02   0.48911E-03   0.83609E-05    13.217    
   4    M1          1.5317       0.30297E-03   0.31916E-04    8.9846    
   5    PWR        0.55100       0.12102E-01   0.13325E-04   -1.7945    
   6    A0         0.30428E+06    9318.1        11.604       0.18712E-04
   7    A1        -0.67770E+06    37156.        21.561       0.79878E-05
   8    A2         0.72683E+06    69055.        34.553       0.33798E-05
   9    A3        -0.27374E+06    52409.        50.937       0.14022E-05
  10    N2          1.0000       constant   
  11    SIG2       0.66063E-02   0.76604E-03   0.80650E-04    2.5266    
  12    M2          1.8620       0.19992E-02   0.10529E-02   -2.6086    

 PARAMETER  CORRELATION COEFFICIENTS
       NO.  GLOBAL     1     2     3     4     5     6     7     8     9    11
        1  0.58981  1.000 0.244 0.272 0.009 0.254 0.066 0.034-0.091 0.093 0.000
        2  0.57903  0.244 1.000-0.432-0.002 0.096 0.022 0.017-0.037 0.037 0.000
        3  0.58460  0.272-0.432 1.000 0.011 0.085 0.029 0.002-0.024 0.027 0.000
        4  0.05620  0.009-0.002 0.011 1.000-0.047-0.041 0.024-0.001-0.013 0.000
        5  0.96523  0.254 0.096 0.085-0.047 1.000 0.902-0.678 0.297-0.019 0.000
        6  0.99823  0.066 0.022 0.029-0.041 0.902 1.000-0.890 0.541-0.222 0.000
        7  0.99961  0.034 0.017 0.002 0.024-0.678-0.890 1.000-0.854 0.603 0.000
        8  0.99969 -0.091-0.037-0.024-0.001 0.297 0.541-0.854 1.000-0.926 0.000
        9  0.99871  0.093 0.037 0.027-0.013-0.019-0.222 0.603-0.926 1.000 0.000
       11  0.00137  0.000 0.000 0.000 0.000 0.000 0.000 0.000 0.000 0.000 1.000
       12  0.00137  0.000 0.000 0.000 0.000 0.000 0.000 0.000 0.000 0.000-0.001
                    1.000

 FCN=  -1162362.     FROM MIGRAD    STATUS=PROGRESS     124 CALLS      705 TOTAL
                     EDM=  0.90E-05    STRATEGY= 2      ERROR MATRIX ACCURATE 

  EXT PARAMETER                                   STEP         FIRST   
  NO.   NAME        VALUE          ERROR          SIZE      DERIVATIVE 
   1    N1          2030.5        85.795      -0.14736       0.24794E-05
   2    SIG1       0.35003E-02   0.58242E-03  -0.42802E-06    1.7534    
   3    GAMMA      0.93323E-02   0.48911E-03  -0.88711E-06    4.3002    
   4    M1          1.5317       0.30297E-03  -0.26704E-06    2.7204    
   5    PWR        0.55099       0.12102E-01  -0.13537E-04  -0.57778    
   6    A0         0.30428E+06    9318.1       -2.3944       0.60345E-05
   7    A1        -0.67772E+06    37156.       -19.346       0.25831E-05
   8    A2         0.72684E+06    69055.        14.337       0.10839E-05
   9    A3        -0.27371E+06    52409.        27.945       0.44740E-06
  10    N2          1.0000       constant   
  11    SIG2       0.66058E-02   0.76604E-03  -0.50370E-06   0.81639    
  12    M2          1.8620       0.19992E-02   0.35312E-05  -0.79200    

 MIGRAD MINIMIZATION HAS CONVERGED.

 MIGRAD WILL VERIFY CONVERGENCE AND ERROR MATRIX.
   START COVARIANCE MATRIX CALCULATION.
 EIGENVALUES OF SECOND-DERIVATIVE MATRIX:
         0.5677E-03  0.2333E-02  0.7370E-01  0.4647E+00  0.5002E+00  0.9963E+00
         0.9987E+00  0.1001E+01  0.1123E+01  0.1842E+01  0.3998E+01
 COVARIANCE MATRIX CALCULATED SUCCESSFULLY

 FCN=  -1162362.     FROM MIGRAD    STATUS=CONVERGED    232 CALLS      813 TOTAL
                     EDM=  0.18E-04    STRATEGY= 2      ERROR MATRIX ACCURATE 

  EXT PARAMETER                                   STEP         FIRST   
  NO.   NAME        VALUE          ERROR          SIZE      DERIVATIVE 
   1    N1          2030.5        85.670       0.58348       0.24511E-05
   2    SIG1       0.35003E-02   0.58153E-03   0.10018E-03    2.6613    
   3    GAMMA      0.93323E-02   0.48820E-03   0.16722E-04    4.4791    
   4    M1          1.5317       0.30353E-03   0.63831E-04    2.3336    
   5    PWR        0.55099       0.11341E-01   0.26650E-04  -0.57590    
   6    A0         0.30428E+06    8169.5        23.207       0.60442E-05
   7    A1        -0.67772E+06    29244.        43.123       0.25911E-05
   8    A2         0.72684E+06    52217.        69.106       0.10884E-05
   9    A3        -0.27371E+06    42330.        101.87       0.45019E-06
  10    N2          1.0000       constant   
  11    SIG2       0.66058E-02   0.76604E-03   0.16130E-03   0.81668    
  12    M2          1.8620       0.19992E-02   0.10524E-02  -0.84480    

 EXTERNAL ERROR MATRIX.    NDIM=  50    NPAR= 11    ERR DEF=  1.00    
 ELEMENTS ABOVE DIAGONAL ARE NOT PRINTED.
  0.734E+04
  0.122E-01 0.338E-06
  0.114E-01-0.122E-06 0.238E-06
  0.249E-03 0.476E-10 0.174E-08 0.921E-07
  0.272E+00 0.703E-06 0.511E-06-0.157E-06 0.129E-03
  0.650E+05 0.156E+00 0.146E+00-0.102E+00 0.832E+02 0.667E+08
  0.222E+05 0.111E+00-0.622E-01 0.219E+00-0.219E+03-0.209E+09 0.855E+09
 -0.339E+06-0.938E+00-0.522E+00 0.416E-01 0.107E+03 0.172E+09-0.119E+10
  0.273E+10
  0.271E+06 0.713E+00 0.488E+00-0.227E+00 0.674E+02-0.261E+07 0.530E+09
 -0.198E+10 0.179E+10
 -0.542E-08-0.265E-13-0.497E-14-0.332E-13 0.398E-10 0.410E-04-0.203E-03
  0.428E-03-0.319E-03 0.587E-06
 -0.126E-05-0.359E-11-0.170E-11-0.146E-11 0.844E-09 0.811E-03-0.160E-02
 -0.257E-02 0.468E-02-0.205E-08 0.400E-05

 PARAMETER  CORRELATION COEFFICIENTS
       NO.  GLOBAL     1     2     3     4     5     6     7     8     9    11
        1  0.58826  1.000 0.244 0.273 0.010 0.280 0.093 0.009-0.076 0.075 0.000
        2  0.57610  0.244 1.000-0.428 0.000 0.107 0.033 0.007-0.031 0.029 0.000
        3  0.58183  0.273-0.428 1.000 0.012 0.092 0.037-0.004-0.020 0.024 0.000
        4  0.05506  0.010 0.000 0.012 1.000-0.046-0.041 0.025 0.003-0.018 0.000
        5  0.96029  0.280 0.107 0.092-0.046 1.000 0.898-0.661 0.180 0.140 0.000
        6  0.99770  0.093 0.033 0.037-0.041 0.898 1.000-0.875 0.404-0.008 0.000
        7  0.99937  0.009 0.007-0.004 0.025-0.661-0.875 1.000-0.777 0.428 0.000
        8  0.99946 -0.076-0.031-0.020 0.003 0.180 0.404-0.777 1.000-0.894 0.000
        9  0.99802  0.075 0.029 0.024-0.018 0.140-0.008 0.428-0.894 1.000 0.000
       11  0.00134  0.000 0.000 0.000 0.000 0.000 0.000 0.000 0.000 0.000 1.000
       12  0.00134  0.000 0.000 0.000 0.000 0.000 0.000 0.000 0.000 0.000-0.001
                    1.000
 **********
 **   13 **CALL FCN   3.000    
 **********

 EXTERNAL ERROR MATRIX.    NDIM=  11    NPAR= 11    ERR DEF=  1.00    
 ELEMENTS ABOVE DIAGONAL ARE NOT PRINTED.
  0.734E+04
  0.122E-01 0.338E-06
  0.114E-01-0.122E-06 0.238E-06
  0.249E-03 0.476E-10 0.174E-08 0.921E-07
  0.272E+00 0.703E-06 0.511E-06-0.157E-06 0.129E-03
  0.650E+05 0.156E+00 0.146E+00-0.102E+00 0.832E+02 0.667E+08
  0.222E+05 0.111E+00-0.622E-01 0.219E+00-0.219E+03-0.209E+09 0.855E+09
 -0.339E+06-0.938E+00-0.522E+00 0.416E-01 0.107E+03 0.172E+09-0.119E+10
  0.273E+10
  0.271E+06 0.713E+00 0.488E+00-0.227E+00 0.674E+02-0.261E+07 0.530E+09
 -0.198E+10 0.179E+10
 -0.542E-08-0.265E-13-0.497E-14-0.332E-13 0.398E-10 0.410E-04-0.203E-03
  0.428E-03-0.319E-03 0.587E-06
 -0.126E-05-0.359E-11-0.170E-11-0.146E-11 0.844E-09 0.811E-03-0.160E-02
 -0.257E-02 0.468E-02-0.205E-08 0.400E-05
 **********
 **   14 **STOP 
 **********
 **********
 **   15 **CALL FCN   1.000    
 **********
 **********
 **   16 **SET PRINT   2.000    
 **********
 **********
 **   17 **SET STR   2.000    
 **********

 NOW USING STRATEGY  2: MAKE SURE MINIMUM TRUE, ERRORS CORRECT  

 **********
 **   18 **SET PAR    10.00       2.000    
 **********
 **********
 **   19 **MIGRAD
 **********

 FIRST CALL TO USER FUNCTION AT NEW START POINT, WITH IFLAG=4.
 START MIGRAD MINIMIZATION.  STRATEGY 2.  CONVERGENCE WHEN EDM .LT. 0.10E-03
   START COVARIANCE MATRIX CALCULATION.
 EIGENVALUES OF SECOND-DERIVATIVE MATRIX:
        -0.3403E-03  0.1695E-02  0.7255E-01  0.4849E+00  0.4990E+00  0.9965E+00
         0.9971E+00  0.1003E+01  0.1120E+01  0.1825E+01  0.4000E+01
 MINUIT WARNING IN HESSE   
 ============== MATRIX FORCED POS-DEF BY ADDING  0.43408E-02 TO DIAGONAL.

 FCN=  -1162362.     FROM HESSE     STATUS=NOT POSDEF   112 CALLS      928 TOTAL
                     EDM=  0.13E-03    STRATEGY= 2      ERR MATRIX NOT POS-DEF

  EXT PARAMETER                APPROXIMATE        STEP         FIRST   
  NO.   NAME        VALUE          ERROR          SIZE      DERIVATIVE 
   1    N1          2030.5        85.013       0.11670       0.25339E-05
   2    SIG1       0.35003E-02   0.57146E-03   0.40071E-03    1.8818    
   3    GAMMA      0.93323E-02   0.47961E-03   0.33444E-05    4.3197    
   4    M1          1.5317       0.30228E-03   0.12766E-04    38.808    
   5    PWR        0.55099       0.77960E-02   0.53300E-05   -2.4456    
   6    A0         0.30428E+06    4333.7        4.6414       0.21661E-04
   7    A1        -0.67772E+06    11904.        8.6245       0.88591E-05
   8    A2         0.72684E+06    21653.        13.821       0.36073E-05
   9    A3        -0.27371E+06    22539.        20.375       0.14609E-05
  10    N2          2.0000       constant   
  11    SIG2       0.66058E-02   0.76440E-03   0.32260E-04    3.1637    
  12    M2          1.8620       0.19941E-02   0.42098E-04   -3.4506    

 PARAMETER  CORRELATION COEFFICIENTS
       NO.  GLOBAL     1     2     3     4     5     6     7     8     9    11
        1  0.58116  1.000 0.246 0.279 0.013 0.344 0.113 0.012-0.058 0.010 0.000
        2  0.55547  0.246 1.000-0.402 0.002 0.134 0.043 0.007-0.023 0.004 0.000
        3  0.56352  0.279-0.402 1.000 0.011 0.113 0.041-0.001-0.019 0.005 0.000
        4  0.04180  0.013 0.002 0.011 1.000-0.031-0.029 0.014 0.011-0.015 0.000
        5  0.91417  0.344 0.134 0.113-0.031 1.000 0.816-0.474-0.165 0.307 0.000
        6  0.99184  0.113 0.043 0.041-0.029 0.816 1.000-0.795-0.044 0.386 0.000
        7  0.99619  0.012 0.007-0.001 0.014-0.474-0.795 1.000-0.479-0.007 0.000
        8  0.99689 -0.058-0.023-0.019 0.011-0.165-0.044-0.479 1.000-0.844 0.000
        9  0.99303  0.010 0.004 0.005-0.015 0.307 0.386-0.007-0.844 1.000 0.000
       11  0.00288  0.000 0.000 0.000 0.000 0.000 0.000 0.000 0.000 0.000 1.000
       12  0.00288  0.000 0.000 0.000 0.000 0.000 0.000 0.000 0.000 0.000-0.003
                    1.000
 ERR MATRIX NOT POS-DEF

 FCN=  -1162362.     FROM MIGRAD    STATUS=PROGRESS     145 CALLS      961 TOTAL
                     EDM=  0.15E-04    STRATEGY= 2      ERR MATRIX NOT POS-DEF

  EXT PARAMETER                APPROXIMATE        STEP         FIRST   
  NO.   NAME        VALUE          ERROR          SIZE      DERIVATIVE 
   1    N1          2030.4        85.013      -0.69671E-01   0.91180E-06
   2    SIG1       0.35002E-02   0.57146E-03  -0.15046E-06   0.41764    
   3    GAMMA      0.93319E-02   0.47961E-03  -0.37055E-06    1.3008    
   4    M1          1.5317       0.30228E-03  -0.12197E-05   -15.719    
   5    PWR        0.55097       0.77960E-02  -0.13279E-04  -0.73681    
   6    A0         0.30428E+06    4333.7       -5.4968       0.65960E-05
   7    A1        -0.67773E+06    11904.       -10.311       0.27164E-05
   8    A2         0.72685E+06    21653.        8.0094       0.10528E-05
   9    A3        -0.27368E+06    22539.        27.629       0.40621E-06
  10    N2          2.0000       constant   
  11    SIG2       0.66051E-02   0.76440E-03  -0.65387E-06   0.95387    
  12    M2          1.8620       0.19941E-02   0.48195E-05   -1.0391    

 MIGRAD MINIMIZATION HAS CONVERGED.

 MIGRAD WILL VERIFY CONVERGENCE AND ERROR MATRIX.
   START COVARIANCE MATRIX CALCULATION.
 EIGENVALUES OF SECOND-DERIVATIVE MATRIX:
         0.2238E-02  0.3909E-02  0.7477E-01  0.4799E+00  0.4992E+00  0.9968E+00
         0.9974E+00  0.1003E+01  0.1120E+01  0.1829E+01  0.3994E+01
 COVARIANCE MATRIX CALCULATED SUCCESSFULLY

 FCN=  -1162362.     FROM MIGRAD    STATUS=CONVERGED    291 CALLS     1107 TOTAL
                     EDM=  0.10E-04    STRATEGY= 2      ERROR MATRIX ACCURATE 

  EXT PARAMETER                                   STEP         FIRST   
  NO.   NAME        VALUE          ERROR          SIZE      DERIVATIVE 
   1    N1          2030.4        85.442        2.3339      -0.14964E-06
   2    SIG1       0.35001E-02   0.57598E-03   0.25033E-03  -0.11082    
   3    GAMMA      0.93317E-02   0.48312E-03   0.66887E-04  -0.59154    
   4    M1          1.5317       0.30358E-03   0.10213E-04   -13.684    
   5    PWR        0.55096       0.92086E-02   0.10660E-03   0.23674    
   6    A0         0.30427E+06    5711.2        92.828      -0.20283E-05
   7    A1        -0.67774E+06    16494.        172.49      -0.79121E-06
   8    A2         0.72686E+06    27115.        276.43      -0.37522E-06
   9    A3        -0.27367E+06    26597.        407.49      -0.15779E-06
  10    N2          2.0000       constant   
  11    SIG2       0.66048E-02   0.76606E-03   0.40328E-03  -0.30140    
  12    M2          1.8620       0.19984E-02   0.84196E-03   0.32837    

 EXTERNAL ERROR MATRIX.    NDIM=  50    NPAR= 11    ERR DEF=  1.00    
 ELEMENTS ABOVE DIAGONAL ARE NOT PRINTED.
  0.730E+04
  0.122E-01 0.332E-06
  0.114E-01-0.114E-06 0.233E-06
  0.285E-03-0.399E-09 0.170E-08 0.922E-07
  0.256E+00 0.675E-06 0.469E-06-0.106E-06 0.848E-04
  0.594E+05 0.151E+00 0.121E+00-0.616E-01 0.455E+02 0.326E+08
 -0.199E+05-0.349E-01-0.751E-01 0.109E+00-0.915E+02-0.802E+08 0.272E+09
 -0.138E+06-0.370E+00-0.241E+00 0.702E-01-0.138E+02 0.151E+08-0.245E+09
  0.735E+09
  0.813E+05 0.202E+00 0.177E+00-0.153E+00 0.821E+02 0.526E+08 0.135E+08
 -0.600E+09 0.707E+09
  0.944E-07 0.249E-12 0.168E-12-0.385E-13 0.200E-10 0.450E-05 0.318E-04
 -0.211E-04-0.538E-04 0.587E-06
 -0.340E-05-0.940E-11-0.534E-11-0.150E-11 0.784E-09 0.986E-03-0.227E-02
 -0.261E-02 0.552E-02-0.391E-08 0.399E-05

 PARAMETER  CORRELATION COEFFICIENTS
       NO.  GLOBAL     1     2     3     4     5     6     7     8     9    11
        1  0.58534  1.000 0.248 0.276 0.011 0.325 0.122-0.014-0.060 0.036 0.000
        2  0.56388  0.248 1.000-0.411-0.002 0.127 0.046-0.004-0.024 0.013 0.000
        3  0.56972  0.276-0.411 1.000 0.012 0.105 0.044-0.009-0.018 0.014 0.000
        4  0.04716  0.011-0.002 0.012 1.000-0.038-0.036 0.022 0.009-0.019 0.000
        5  0.93912  0.325 0.127 0.105-0.038 1.000 0.865-0.602-0.055 0.335 0.000
        6  0.99529  0.122 0.046 0.044-0.036 0.865 1.000-0.851 0.098 0.347 0.000
        7  0.99801 -0.014-0.004-0.009 0.022-0.602-0.851 1.000-0.548 0.031 0.000
        8  0.99801 -0.060-0.024-0.018 0.009-0.055 0.098-0.548 1.000-0.831 0.000
        9  0.99498  0.036 0.013 0.014-0.019 0.335 0.347 0.031-0.831 1.000 0.000
       11  0.00256  0.000 0.000 0.000 0.000 0.000 0.000 0.000 0.000 0.000 1.000
       12  0.00256  0.000 0.000 0.000 0.000 0.000 0.000 0.000 0.000 0.000-0.003
                    1.000
 **********
 **   20 **CALL FCN   3.000    
 **********

 EXTERNAL ERROR MATRIX.    NDIM=  11    NPAR= 11    ERR DEF=  1.00    
 ELEMENTS ABOVE DIAGONAL ARE NOT PRINTED.
  0.730E+04
  0.122E-01 0.332E-06
  0.114E-01-0.114E-06 0.233E-06
  0.285E-03-0.399E-09 0.170E-08 0.922E-07
  0.256E+00 0.675E-06 0.469E-06-0.106E-06 0.848E-04
  0.594E+05 0.151E+00 0.121E+00-0.616E-01 0.455E+02 0.326E+08
 -0.199E+05-0.349E-01-0.751E-01 0.109E+00-0.915E+02-0.802E+08 0.272E+09
 -0.138E+06-0.370E+00-0.241E+00 0.702E-01-0.138E+02 0.151E+08-0.245E+09
  0.735E+09
  0.813E+05 0.202E+00 0.177E+00-0.153E+00 0.821E+02 0.526E+08 0.135E+08
 -0.600E+09 0.707E+09
  0.944E-07 0.249E-12 0.168E-12-0.385E-13 0.200E-10 0.450E-05 0.318E-04
 -0.211E-04-0.538E-04 0.587E-06
 -0.340E-05-0.940E-11-0.534E-11-0.150E-11 0.784E-09 0.986E-03-0.227E-02
 -0.261E-02 0.552E-02-0.391E-08 0.399E-05
 **********
 **   21 **STOP 
 **********
 **********
 **   22 **CALL FCN   1.000    
 **********
 **********
 **   23 **SET PRINT   2.000    
 **********
 **********
 **   24 **SET STR   2.000    
 **********

 NOW USING STRATEGY  2: MAKE SURE MINIMUM TRUE, ERRORS CORRECT  

 **********
 **   25 **SET PAR    10.00       3.000    
 **********
 **********
 **   26 **MIGRAD
 **********

 FIRST CALL TO USER FUNCTION AT NEW START POINT, WITH IFLAG=4.
 START MIGRAD MINIMIZATION.  STRATEGY 2.  CONVERGENCE WHEN EDM .LT. 0.10E-03
   START COVARIANCE MATRIX CALCULATION.
 EIGENVALUES OF SECOND-DERIVATIVE MATRIX:
         0.6555E-03  0.2108E-02  0.7311E-01  0.4556E+00  0.4978E+00  0.9939E+00
         0.9957E+00  0.1004E+01  0.1126E+01  0.1853E+01  0.3998E+01
 COVARIANCE MATRIX CALCULATED SUCCESSFULLY

 FCN=  -1162362.     FROM HESSE     STATUS=OK           116 CALLS     1226 TOTAL
                     EDM=  0.28E-03    STRATEGY= 2      ERROR MATRIX ACCURATE 

  EXT PARAMETER                                   STEP         FIRST   
  NO.   NAME        VALUE          ERROR          SIZE      DERIVATIVE 
   1    N1          2030.4        86.666       0.18671E-01  -0.62350E-06
   2    SIG1       0.35001E-02   0.58484E-03   0.50067E-04   0.86927    
   3    GAMMA      0.93317E-02   0.49500E-03   0.26755E-05   -61.732    
   4    M1          1.5317       0.30368E-03   0.20426E-03   -12.188    
   5    PWR        0.55096       0.11607E-01   0.21320E-04   -1.6374    
   6    A0         0.30427E+06    8201.1        3.7131       0.13554E-04
   7    A1        -0.67774E+06    27819.        6.8996       0.54747E-05
   8    A2         0.72686E+06    49040.        11.057       0.21354E-05
   9    A3        -0.27367E+06    41654.        16.300       0.85213E-06
  10    N2          3.0000       constant   
  11    SIG2       0.66048E-02   0.76608E-03   0.80655E-04    1.8932    
  12    M2          1.8620       0.19976E-02   0.33678E-04   -2.2714    

 PARAMETER  CORRELATION COEFFICIENTS
       NO.  GLOBAL     1     2     3     4     5     6     7     8     9    11
        1  0.59482  1.000 0.243 0.276 0.010 0.319 0.147-0.047-0.046 0.064 0.000
        2  0.58338  0.243 1.000-0.436 0.016 0.114 0.046-0.007-0.024 0.026 0.000
        3  0.59055  0.276-0.436 1.000 0.010 0.104 0.052-0.021-0.012 0.021 0.000
        4  0.06045  0.010 0.016 0.010 1.000-0.046-0.042 0.026 0.006-0.022 0.000
        5  0.96213  0.319 0.114 0.104-0.046 1.000 0.905-0.667 0.117 0.228 0.000
        6  0.99772  0.147 0.046 0.052-0.042 0.905 1.000-0.870 0.320 0.109 0.000
        7  0.99930 -0.047-0.007-0.021 0.026-0.667-0.870 1.000-0.725 0.328 0.000
        8  0.99939 -0.046-0.024-0.012 0.006 0.117 0.320-0.725 1.000-0.881 0.000
        9  0.99796  0.064 0.026 0.021-0.022 0.228 0.109 0.328-0.881 1.000 0.000
       11  0.00428  0.000 0.000 0.000 0.000 0.000 0.000 0.000 0.000 0.000 1.000
       12  0.00438  0.000 0.000 0.000 0.000 0.000 0.000 0.001-0.001 0.001-0.004
                    1.000

 FCN=  -1162362.     FROM MIGRAD    STATUS=PROGRESS     142 CALLS     1252 TOTAL
                     EDM=  0.40E-04    STRATEGY= 2      ERROR MATRIX ACCURATE 

  EXT PARAMETER                                   STEP         FIRST   
  NO.   NAME        VALUE          ERROR          SIZE      DERIVATIVE 
   1    N1          2030.4        86.666       0.27345E-01   0.15276E-06
   2    SIG1       0.34998E-02   0.58484E-03  -0.32901E-06  -0.36041    
   3    GAMMA      0.93323E-02   0.49500E-03   0.60986E-06    6.1052    
   4    M1          1.5317       0.30368E-03   0.50121E-07   -11.514    
   5    PWR        0.55097       0.11607E-01   0.12485E-05   -1.5060    
   6    A0         0.30427E+06    8201.1       0.85038       0.12473E-04
   7    A1        -0.67774E+06    27819.       -5.1037       0.50343E-05
   8    A2         0.72686E+06    49040.        6.3876       0.19648E-05
   9    A3        -0.27367E+06    41654.      -0.79208       0.78479E-06
  10    N2          3.0000       constant   
  11    SIG2       0.66047E-02   0.76608E-03  -0.45244E-07    1.7397    
  12    M2          1.8620       0.19976E-02   0.36453E-06   -2.0887    

 MIGRAD MINIMIZATION HAS CONVERGED.

 MIGRAD WILL VERIFY CONVERGENCE AND ERROR MATRIX.
   START COVARIANCE MATRIX CALCULATION.
 EIGENVALUES OF SECOND-DERIVATIVE MATRIX:
         0.1804E-02  0.3500E-02  0.7459E-01  0.4804E+00  0.4995E+00  0.9945E+00
         0.9961E+00  0.1004E+01  0.1123E+01  0.1828E+01  0.3995E+01
 COVARIANCE MATRIX CALCULATED SUCCESSFULLY

 FCN=  -1162362.     FROM MIGRAD    STATUS=CONVERGED    292 CALLS     1402 TOTAL
                     EDM=  0.56E-05    STRATEGY= 2      ERROR MATRIX ACCURATE 

  EXT PARAMETER                                   STEP         FIRST   
  NO.   NAME        VALUE          ERROR          SIZE      DERIVATIVE 
   1    N1          2030.4        85.371       0.37343       0.12860E-05
   2    SIG1       0.34998E-02   0.57641E-03   0.20027E-03    1.3306    
   3    GAMMA      0.93323E-02   0.47451E-03   0.85616E-07    6.0305    
   4    M1          1.5317       0.30353E-03   0.15956E-03  -0.15724    
   5    PWR        0.55096       0.95315E-02   0.42640E-03  -0.82288E-01
   6    A0         0.30428E+06    6065.2        74.263       0.62097E-06
   7    A1        -0.67779E+06    18036.        137.99       0.30122E-06
   8    A2         0.72694E+06    30070.        221.14       0.69410E-07
   9    A3        -0.27369E+06    28673.        325.99       0.51924E-07
  10    N2          3.0000       constant   
  11    SIG2       0.66042E-02   0.76608E-03   0.40328E-03   0.91573E-01
  12    M2          1.8620       0.19976E-02   0.67357E-03  -0.11024    

 EXTERNAL ERROR MATRIX.    NDIM=  50    NPAR= 11    ERR DEF=  1.00    
 ELEMENTS ABOVE DIAGONAL ARE NOT PRINTED.
  0.729E+04
  0.123E-01 0.332E-06
  0.110E-01-0.113E-06 0.225E-06
  0.330E-03 0.257E-08 0.143E-08 0.921E-07
  0.259E+00 0.682E-06 0.464E-06-0.111E-06 0.908E-04
  0.614E+05 0.153E+00 0.126E+00-0.669E-01 0.504E+02 0.368E+08
 -0.197E+05-0.202E-01-0.914E-01 0.123E+00-0.106E+03-0.935E+08 0.325E+09
 -0.158E+06-0.434E+00-0.250E+00 0.721E-01-0.782E+01 0.251E+08-0.317E+09
  0.904E+09
  0.104E+06 0.260E+00 0.211E+00-0.169E+00 0.890E+02 0.541E+08 0.439E+08
 -0.724E+09 0.822E+09
  0.121E-06 0.335E-12 0.205E-12-0.504E-13 0.242E-10 0.317E-05 0.519E-04
 -0.248E-04-0.890E-04 0.587E-06
 -0.493E-05-0.139E-10-0.715E-11-0.266E-11 0.141E-08 0.165E-02-0.370E-02
 -0.445E-02 0.920E-02-0.591E-08 0.399E-05

 PARAMETER  CORRELATION COEFFICIENTS
       NO.  GLOBAL     1     2     3     4     5     6     7     8     9    11
        1  0.58444  1.000 0.251 0.271 0.013 0.318 0.119-0.013-0.061 0.042 0.000
        2  0.56509  0.251 1.000-0.412 0.015 0.124 0.044-0.002-0.025 0.016 0.000
        3  0.56824  0.271-0.412 1.000 0.010 0.103 0.044-0.011-0.018 0.015 0.000
        4  0.05252  0.013 0.015 0.010 1.000-0.038-0.036 0.022 0.008-0.019 0.000
        5  0.94330  0.318 0.124 0.103-0.038 1.000 0.872-0.614-0.027 0.326 0.000
        6  0.99583  0.119 0.044 0.044-0.036 0.872 1.000-0.854 0.138 0.311 0.000
        7  0.99834 -0.013-0.002-0.011 0.022-0.614-0.854 1.000-0.584 0.085 0.000
        8  0.99838 -0.061-0.025-0.018 0.008-0.027 0.138-0.584 1.000-0.840 0.000
        9  0.99568  0.042 0.016 0.015-0.019 0.326 0.311 0.085-0.840 1.000 0.000
       11  0.00386  0.000 0.000 0.000 0.000 0.000 0.000 0.000 0.000 0.000 1.000
       12  0.00387  0.000 0.000 0.000 0.000 0.000 0.000 0.000 0.000 0.000-0.004
                    1.000
 **********
 **   27 **CALL FCN   3.000    
 **********

 EXTERNAL ERROR MATRIX.    NDIM=  11    NPAR= 11    ERR DEF=  1.00    
 ELEMENTS ABOVE DIAGONAL ARE NOT PRINTED.
  0.729E+04
  0.123E-01 0.332E-06
  0.110E-01-0.113E-06 0.225E-06
  0.330E-03 0.257E-08 0.143E-08 0.921E-07
  0.259E+00 0.682E-06 0.464E-06-0.111E-06 0.908E-04
  0.614E+05 0.153E+00 0.126E+00-0.669E-01 0.504E+02 0.368E+08
 -0.197E+05-0.202E-01-0.914E-01 0.123E+00-0.106E+03-0.935E+08 0.325E+09
 -0.158E+06-0.434E+00-0.250E+00 0.721E-01-0.782E+01 0.251E+08-0.317E+09
  0.904E+09
  0.104E+06 0.260E+00 0.211E+00-0.169E+00 0.890E+02 0.541E+08 0.439E+08
 -0.724E+09 0.822E+09
  0.121E-06 0.335E-12 0.205E-12-0.504E-13 0.242E-10 0.317E-05 0.519E-04
 -0.248E-04-0.890E-04 0.587E-06
 -0.493E-05-0.139E-10-0.715E-11-0.266E-11 0.141E-08 0.165E-02-0.370E-02
 -0.445E-02 0.920E-02-0.591E-08 0.399E-05
 **********
 **   28 **STOP 
 **********
 **********
 **   29 **CALL FCN   1.000    
 **********
 **********
 **   30 **SET PRINT   2.000    
 **********
 **********
 **   31 **SET STR   2.000    
 **********

 NOW USING STRATEGY  2: MAKE SURE MINIMUM TRUE, ERRORS CORRECT  

 **********
 **   32 **SET PAR    10.00       4.000    
 **********
 **********
 **   33 **MIGRAD
 **********

 FIRST CALL TO USER FUNCTION AT NEW START POINT, WITH IFLAG=4.
 START MIGRAD MINIMIZATION.  STRATEGY 2.  CONVERGENCE WHEN EDM .LT. 0.10E-03
   START COVARIANCE MATRIX CALCULATION.
 EIGENVALUES OF SECOND-DERIVATIVE MATRIX:
         0.4884E-03  0.1990E-02  0.7364E-01  0.4805E+00  0.4988E+00  0.9808E+00
         0.9942E+00  0.1006E+01  0.1132E+01  0.1833E+01  0.3998E+01
 COVARIANCE MATRIX CALCULATED SUCCESSFULLY

 FCN=  -1162362.     FROM HESSE     STATUS=OK           124 CALLS     1529 TOTAL
                     EDM=  0.61E-04    STRATEGY= 2      ERROR MATRIX ACCURATE 

  EXT PARAMETER                                   STEP         FIRST   
  NO.   NAME        VALUE          ERROR          SIZE      DERIVATIVE 
   1    N1          2030.4        85.765       0.74686E-01   0.12470E-05
   2    SIG1       0.34998E-02   0.57755E-03   0.16021E-03   0.51407    
   3    GAMMA      0.93323E-02   0.48237E-03   0.17123E-03    4.6033    
   4    M1          1.5317       0.30487E-03   0.63826E-03  -0.63862    
   5    PWR        0.55096       0.12434E-01   0.17056E-04   -1.9554    
   6    A0         0.30428E+06    9200.3        2.9705       0.16199E-04
   7    A1        -0.67779E+06    32542.        5.5197       0.65545E-05
   8    A2         0.72694E+06    54823.        8.8456       0.25839E-05
   9    A3        -0.27369E+06    43525.        13.040       0.10611E-05
  10    N2          4.0000       constant   
  11    SIG2       0.66042E-02   0.76610E-03   0.16131E-04    2.1275    
  12    M2          1.8620       0.19969E-02   0.26943E-04   -2.7048    

 PARAMETER  CORRELATION COEFFICIENTS
       NO.  GLOBAL     1     2     3     4     5     6     7     8     9    11
        1  0.59021  1.000 0.254 0.273 0.018 0.282 0.111-0.013-0.070 0.085 0.000
        2  0.56769  0.254 1.000-0.408 0.070 0.104 0.035 0.003-0.031 0.033 0.000
        3  0.56789  0.273-0.408 1.000 0.005 0.094 0.043-0.012-0.019 0.027 0.000
        4  0.10060  0.018 0.070 0.005 1.000-0.046-0.044 0.029-0.001-0.018 0.000
        5  0.96708  0.282 0.104 0.094-0.046 1.000 0.914-0.706 0.225 0.146 0.000
        6  0.99819  0.111 0.035 0.043-0.044 0.914 1.000-0.893 0.435 0.001 0.000
        7  0.99949 -0.013 0.003-0.012 0.029-0.706-0.893 1.000-0.778 0.395 0.000
        8  0.99951 -0.070-0.031-0.019-0.001 0.225 0.435-0.778 1.000-0.878 0.000
        9  0.99813  0.085 0.033 0.027-0.018 0.146 0.001 0.395-0.878 1.000 0.000
       11  0.00581  0.000 0.000 0.000 0.000 0.000 0.000 0.000 0.000 0.000 1.000
       12  0.00588  0.000 0.000 0.000 0.000 0.000 0.000-0.001 0.001-0.001-0.006
                    1.000

 FCN=  -1162362.     FROM MIGRAD    STATUS=PROGRESS     157 CALLS     1562 TOTAL
                     EDM=  0.10E-04    STRATEGY= 2      ERROR MATRIX ACCURATE 

  EXT PARAMETER                                   STEP         FIRST   
  NO.   NAME        VALUE          ERROR          SIZE      DERIVATIVE 
   1    N1          2030.3        85.765      -0.89244E-01   0.98824E-06
   2    SIG1       0.34999E-02   0.57755E-03   0.87458E-07  -0.43376    
   3    GAMMA      0.93315E-02   0.48237E-03  -0.72530E-06   -1.9574    
   4    M1          1.5317       0.30487E-03   0.53824E-07   0.81943E-01
   5    PWR        0.55096       0.12434E-01  -0.99717E-06   0.51377    
