  MINUIT RELEASE 96.03  INITIALIZED.   DIMENSIONS 100/ 50  EPSMAC=  0.89E-15

 PARAMETER DEFINITIONS:
    NO.   NAME         VALUE      STEP SIZE      LIMITS
     1 'N1        '    2000.0      0.10000E-02     no limits
     2 'SIG1      '   0.32000E-02  constant
     3 'GAMMA     '   0.91000E-02  0.10000E-02     no limits
     4 'M1        '    1.5318      0.10000E-02     no limits
     5 'PWR       '   0.55732      0.10000E-02     no limits
     6 'A0        '   0.32449E+06  0.10000E-02     no limits
     7 'A1        '  -0.80838E+06  0.10000E-02     no limits
     8 'A2        '   0.10004E+07  0.10000E-02     no limits
     9 'A3        '  -0.45648E+06  0.10000E-02     no limits
    10 'N2        '    0.0000      0.10000E-02     no limits
    11 'SIG2      '   0.66000E-02  0.10000E-02     no limits
    12 'M2        '    1.8620      0.10000E-02     no limits
 **********
 **    1 **CALL FCN   1.000    
 **********

 FCN=  -1489200.     FROM CALl fcn  STATUS=RESET          1 CALLS        1 TOTAL
                     EDM= unknown      STRATEGY= 1      NO ERROR MATRIX       

  EXT PARAMETER               CURRENT GUESS      PHYSICAL LIMITS       
  NO.   NAME        VALUE          ERROR       NEGATIVE      POSITIVE  
   1    N1          2000.0       0.10000E-02
   2    SIG1       0.32000E-02   constant   
   3    GAMMA      0.91000E-02   0.10000E-02
   4    M1          1.5318       0.10000E-02
   5    PWR        0.55732       0.10000E-02
   6    A0         0.32449E+06   0.10000E-02
   7    A1        -0.80838E+06   0.10000E-02
   8    A2         0.10004E+07   0.10000E-02
   9    A3        -0.45648E+06   0.10000E-02
  10    N2          0.0000       0.10000E-02
  11    SIG2       0.66000E-02   0.10000E-02
  12    M2          1.8620       0.10000E-02
 **********
 **    2 **SET PRINT   2.000    
 **********
 **********
 **    3 **SET STR   2.000    
 **********

 NOW USING STRATEGY  2: MAKE SURE MINIMUM TRUE, ERRORS CORRECT  

 **********
 **    4 **MIGRAD
 **********
 START MIGRAD MINIMIZATION.  STRATEGY 2.  CONVERGENCE WHEN EDM .LT. 0.10E-03
   START COVARIANCE MATRIX CALCULATION.
 EIGENVALUES OF SECOND-DERIVATIVE MATRIX:
         0.3235E-03  0.4604E-02  0.9848E-01  0.4796E+00  0.7411E+00  0.9354E+00
         0.1000E+01  0.1080E+01  0.1252E+01  0.1431E+01  0.3978E+01
 COVARIANCE MATRIX CALCULATED SUCCESSFULLY

 FCN=  -1489200.     FROM HESSE     STATUS=OK           138 CALLS      139 TOTAL
                     EDM=  0.33E+04    STRATEGY= 2      ERROR MATRIX ACCURATE 

  EXT PARAMETER                                   STEP         FIRST   
  NO.   NAME        VALUE          ERROR          SIZE      DERIVATIVE 
   1    N1          2000.0        73.144       0.95367      -0.46990    
   2    SIG1       0.32000E-02   constant   
   3    GAMMA      0.91000E-02   0.40996E-03   0.10000E-02    5818.3    
   4    M1          1.5318       0.25894E-03   0.10000E-02    1756.5    
   5    PWR        0.55732       0.63841E-02   0.10000E-02    32281.    
   6    A0         0.32449E+06    5284.6        15.473      -0.20163    
   7    A1        -0.80838E+06    29143.        3.8547      -0.90746E-01
   8    A2         0.10004E+07    64747.        47.703      -0.48348E-01
   9    A3        -0.45648E+06    49816.        21.767      -0.28061E-01
  10    N2          0.0000        41.271       0.10000      -0.51257    
  11    SIG2       0.66000E-02   0.76964E-03   0.10000E-02   -21.477    
  12    M2          1.8620       0.20617E-02   0.10000E-02    0.0000    

 PARAMETER  CORRELATION COEFFICIENTS
       NO.  GLOBAL     1     3     4     5     6     7     8     9    10    11
        1  0.54032  1.000 0.394 0.008 0.268-0.070 0.135-0.126 0.095-0.001 0.000
        3  0.40740  0.394 1.000 0.084 0.141-0.032 0.066-0.063 0.048 0.000 0.000
        4  0.09657  0.008 0.084 1.000-0.025-0.011-0.003 0.011-0.013 0.001 0.000
        5  0.86870  0.268 0.141-0.025 1.000 0.685-0.406 0.187-0.063 0.056-0.005
        6  0.99556 -0.070-0.032-0.011 0.685 1.000-0.871 0.630-0.427 0.095-0.009
        7  0.99949  0.135 0.066-0.003-0.406-0.871 1.000-0.918 0.775-0.126 0.012
        8  0.99972 -0.126-0.063 0.011 0.187 0.630-0.918 1.000-0.959 0.086-0.008
        9  0.99886  0.095 0.048-0.013-0.063-0.427 0.775-0.959 1.000-0.035 0.003
       10  0.37512 -0.001 0.000 0.001 0.056 0.095-0.126 0.086-0.035 1.000-0.097
       11  0.09694  0.000 0.000 0.000-0.005-0.009 0.012-0.008 0.003-0.097 1.000
       12  0.24276  0.000 0.000 0.000-0.014-0.023 0.031-0.021 0.009-0.243 0.024
                    1.000

 FCN=  -1492335.     FROM MIGRAD    STATUS=PROGRESS     175 CALLS      176 TOTAL
                     EDM=  0.18E+03    STRATEGY= 2      ERROR MATRIX ACCURATE 

  EXT PARAMETER                                   STEP         FIRST   
  NO.   NAME        VALUE          ERROR          SIZE      DERIVATIVE 
   1    N1          2004.1        73.144        4.0508      -0.29667E-01
   2    SIG1       0.32000E-02   constant   
   3    GAMMA      0.78407E-02   0.40996E-03  -0.12593E-02   -52.083    
   4    M1          1.5319       0.25894E-03   0.57747E-04    1539.7    
   5    PWR        0.42532       0.63841E-02  -0.13200       -5437.8    
   6    A0         0.30828E+06    5284.6       -16213.      -0.21958E-02
   7    A1        -0.65314E+06    29143.       0.15524E+06  -0.50366E-02
   8    A2         0.74025E+06    64747.      -0.26015E+06  -0.34963E-02
   9    A3        -0.30999E+06    49816.       0.14649E+06  -0.23711E-02
  10    N2         -41.802        41.271       -41.802      -0.52350E-01
  11    SIG2       0.66819E-02   0.76964E-03   0.81870E-04   -71.801    
  12    M2          1.8625       0.20617E-02   0.50692E-03    57.244    

 FCN=  -1492534.     FROM MIGRAD    STATUS=PROGRESS     425 CALLS      426 TOTAL
                     EDM=  0.96E-05  STRATEGY=2  ERROR MATRIX UNCERTAINTY=  2.7%

  EXT PARAMETER                                   STEP         FIRST   
  NO.   NAME        VALUE          ERROR          SIZE      DERIVATIVE 
   1    N1          2539.0        92.244       0.17695      -0.48905E-04
   2    SIG1       0.32000E-02   constant   
   3    GAMMA      0.91999E-02   0.42844E-03   0.47395E-06   -1.3388    
   4    M1          1.5317       0.25632E-03  -0.22355E-06    7.1260    
   5    PWR        0.55796       0.21386E-01   0.20215E-04   0.31126    
   6    A0         0.39338E+06    28608.        20.228      -0.14883E-05
   7    A1        -0.86509E+06   0.14568E+06   -74.688      -0.32122E-06
   8    A2         0.82875E+06   0.27617E+06    105.43       0.19012E-07
   9    A3        -0.22355E+06   0.17962E+06   -54.930       0.10495E-06
  10    N2          4.6973        43.479      -0.78433E-02   0.81253E-05
  11    SIG2       0.65990E-02   0.76615E-03  -0.24612E-06   0.99724    
  12    M2          1.8620       0.20561E-02  -0.49845E-06   0.34388    

 MIGRAD MINIMIZATION HAS CONVERGED.

 MIGRAD WILL VERIFY CONVERGENCE AND ERROR MATRIX.
   START COVARIANCE MATRIX CALCULATION.
 EIGENVALUES OF SECOND-DERIVATIVE MATRIX:
         0.6712E-02  0.8484E-02  0.7614E-01  0.4690E+00  0.7624E+00  0.9719E+00
         0.1002E+01  0.1029E+01  0.1224E+01  0.1447E+01  0.4003E+01
 COVARIANCE MATRIX CALCULATED SUCCESSFULLY

 FCN=  -1492534.     FROM MIGRAD    STATUS=CONVERGED    557 CALLS      558 TOTAL
                     EDM=  0.44E-04    STRATEGY= 2      ERROR MATRIX ACCURATE 

  EXT PARAMETER                                   STEP         FIRST   
  NO.   NAME        VALUE          ERROR          SIZE      DERIVATIVE 
   1    N1          2539.0        92.885        46.018       0.10151E-05
   2    SIG1       0.32000E-02   constant   
   3    GAMMA      0.91999E-02   0.41965E-03   0.22257E-03    11.613    
   4    M1          1.5317       0.25674E-03   0.15293E-03    9.1778    
   5    PWR        0.55796       0.65232E-02   0.16775E-02   0.60531    
   6    A0         0.39338E+06    4416.2        369.29       0.15218E-06
   7    A1        -0.86509E+06    11388.        683.29       0.76564E-06
   8    A2         0.82875E+06    17931.        1089.1       0.74547E-06
   9    A3        -0.22355E+06    19824.        1588.2       0.56675E-06
  10    N2          4.6973        51.151        28.670       0.12621E-03
  11    SIG2       0.65990E-02   0.76842E-03   0.45754E-03   0.87271    
  12    M2          1.8620       0.20442E-02   0.11882E-02   0.55002    

 EXTERNAL ERROR MATRIX.    NDIM=  50    NPAR= 11    ERR DEF=  1.00    
 ELEMENTS ABOVE DIAGONAL ARE NOT PRINTED.
  0.863E+04
  0.176E-01 0.176E-06
  0.663E-03 0.442E-08 0.659E-07
  0.206E+00 0.555E-06-0.336E-07 0.426E-04
  0.506E+05 0.141E+00-0.259E-01 0.232E+02 0.195E+08
 -0.595E+04-0.301E-01 0.389E-01-0.358E+02-0.406E+08 0.130E+09
 -0.783E+05-0.211E+00 0.327E-01-0.173E+02-0.440E+07-0.837E+08 0.322E+09
 -0.955E+04-0.104E-01-0.521E-01 0.333E+02 0.347E+08-0.354E+08-0.278E+09
  0.393E+09
 -0.545E+02-0.151E-03 0.471E-04-0.259E-01-0.176E+05-0.158E+05 0.226E+05
  0.564E+05 0.262E+04
  0.498E-04 0.137E-09-0.430E-10 0.237E-07 0.161E-01 0.144E-01-0.206E-01
 -0.515E-01-0.238E-02 0.590E-06
  0.483E-03 0.133E-08-0.425E-09 0.233E-06 0.160E+00 0.140E+00-0.206E+00
 -0.502E+00-0.235E-01 0.286E-07 0.418E-05

 PARAMETER  CORRELATION COEFFICIENTS
       NO.  GLOBAL     1     3     4     5     6     7     8     9    10    11
        1  0.55685  1.000 0.452 0.028 0.341 0.123-0.006-0.047-0.005-0.011 0.001
        3  0.45771  0.452 1.000 0.041 0.203 0.076-0.006-0.028-0.001-0.007 0.000
        4  0.05426  0.028 0.041 1.000-0.020-0.023 0.013 0.007-0.010 0.004 0.000
        5  0.90231  0.341 0.203-0.020 1.000 0.807-0.482-0.147 0.258-0.078 0.005
        6  0.99001  0.123 0.076-0.023 0.807 1.000-0.807-0.056 0.396-0.078 0.005
        7  0.99472 -0.006-0.006 0.013-0.482-0.807 1.000-0.410-0.157-0.027 0.002
        8  0.99423 -0.047-0.028 0.007-0.147-0.056-0.410 1.000-0.782 0.025-0.001
        9  0.98850 -0.005-0.001-0.010 0.258 0.396-0.157-0.782 1.000 0.056-0.003
       10  0.34224 -0.011-0.007 0.004-0.078-0.078-0.027 0.025 0.056 1.000-0.061
       11  0.06073  0.001 0.000 0.000 0.005 0.005 0.002-0.001-0.003-0.061 1.000
       12  0.22488  0.003 0.002-0.001 0.018 0.018 0.006-0.006-0.012-0.225 0.018
                    1.000
 **********
 **    5 **CALL FCN   3.000    
 **********
 **********
 **    6 **STOP 
 **********
 **********
 **    7 **CALL FCN   1.000    
 **********

 FCN=  -1492940.     FROM CALl fcn  STATUS=CONVERGED      1 CALLS      560 TOTAL
                     EDM=  0.44E-04    STRATEGY= 2      ERROR MATRIX ACCURATE 

  EXT PARAMETER                                   STEP         FIRST   
  NO.   NAME        VALUE          ERROR          SIZE      DERIVATIVE 
   1    N1          2406.1        92.885        46.018       0.10151E-05
   2    SIG1       0.32000E-02   constant   
   3    GAMMA      0.91999E-02   0.41965E-03   0.22257E-03    11.613    
   4    M1          1.5317       0.25674E-03   0.15293E-03    9.1778    
   5    PWR        0.55796       0.65232E-02   0.16775E-02   0.60531    
   6    A0         0.39338E+06    4416.2        369.29       0.15218E-06
   7    A1        -0.86509E+06    11388.        683.29       0.76564E-06
   8    A2         0.82875E+06    17931.        1089.1       0.74547E-06
   9    A3        -0.22355E+06    19824.        1588.2       0.56675E-06
  10    N2          4.6973        51.151        28.670       0.12621E-03
  11    SIG2       0.65990E-02   0.76842E-03   0.45754E-03   0.87271    
  12    M2          1.8620       0.20442E-02   0.11882E-02   0.55002    
 **********
 **    8 **SET PRINT   2.000    
 **********
 **********
 **    9 **SET STR   2.000    
 **********

 NOW USING STRATEGY  2: MAKE SURE MINIMUM TRUE, ERRORS CORRECT  

 **********
 **   10 **MIGRAD
 **********
 START MIGRAD MINIMIZATION.  STRATEGY 2.  CONVERGENCE WHEN EDM .LT. 0.10E-03

 FCN=  -1492940.     FROM MIGRAD    STATUS=INITIATE      40 CALLS      600 TOTAL
                     EDM=  0.30E+01    STRATEGY= 2      ERROR MATRIX ACCURATE 

  EXT PARAMETER                                   STEP         FIRST   
  NO.   NAME        VALUE          ERROR          SIZE      DERIVATIVE 
   1    N1          2539.0        92.885        46.018       0.42112E-02
   2    SIG1       0.32000E-02   constant   
   3    GAMMA      0.91999E-02   0.41965E-03   0.22257E-03    351.05    
   4    M1          1.5317       0.25674E-03   0.15293E-03   -3727.3    
   5    PWR        0.55796       0.65232E-02   0.16775E-02   -38.847    
   6    A0         0.39338E+06    4416.2        369.29      -0.13928E-02
   7    A1        -0.86509E+06    11388.        683.29      -0.11883E-02
   8    A2         0.82875E+06    17931.        1089.1      -0.76323E-03
   9    A3        -0.22355E+06    19824.        1588.2      -0.42694E-03
  10    N2          4.6973        51.151        28.670       0.31654E-01
  11    SIG2       0.65990E-02   0.76842E-03   0.45754E-03   -74.343    
  12    M2          1.8620       0.20442E-02   0.11882E-02   -44.234    

 PARAMETER  CORRELATION COEFFICIENTS
       NO.  GLOBAL     1     3     4     5     6     7     8     9    10    11
        1  0.55685  1.000 0.452 0.028 0.341 0.123-0.006-0.047-0.005-0.011 0.001
        3  0.45771  0.452 1.000 0.041 0.203 0.076-0.006-0.028-0.001-0.007 0.000
        4  0.05426  0.028 0.041 1.000-0.020-0.023 0.013 0.007-0.010 0.004 0.000
        5  0.90231  0.341 0.203-0.020 1.000 0.807-0.482-0.147 0.258-0.078 0.005
        6  0.99001  0.123 0.076-0.023 0.807 1.000-0.807-0.056 0.396-0.078 0.005
        7  0.99472 -0.006-0.006 0.013-0.482-0.807 1.000-0.410-0.157-0.027 0.002
        8  0.99423 -0.047-0.028 0.007-0.147-0.056-0.410 1.000-0.782 0.025-0.001
        9  0.98850 -0.005-0.001-0.010 0.258 0.396-0.157-0.782 1.000 0.056-0.003
       10  0.34224 -0.011-0.007 0.004-0.078-0.078-0.027 0.025 0.056 1.000-0.061
       11  0.06073  0.001 0.000 0.000 0.005 0.005 0.002-0.001-0.003-0.061 1.000
       12  0.22488  0.003 0.002-0.001 0.018 0.018 0.006-0.006-0.012-0.225 0.018
                    1.000

 FCN=  -1492947.     FROM MIGRAD    STATUS=PROGRESS      78 CALLS      638 TOTAL
                     EDM=  0.18E+01    STRATEGY= 2      ERROR MATRIX ACCURATE 

  EXT PARAMETER                                   STEP         FIRST   
  NO.   NAME        VALUE          ERROR          SIZE      DERIVATIVE 
   1    N1          2517.4        92.885       -21.581      -0.18536E-02
   2    SIG1       0.32000E-02   constant   
   3    GAMMA      0.91310E-02   0.41965E-03  -0.68877E-04    28.758    
   4    M1          1.5319       0.25674E-03   0.17717E-03    1572.9    
   5    PWR        0.55243       0.65232E-02  -0.55297E-02    28.998    
   6    A0         0.38737E+06    4416.2       -6004.7       0.72769E-03
   7    A1        -0.85253E+06    11388.        12564.       0.37844E-03
   8    A2         0.84300E+06    17931.        14258.       0.26417E-03
   9    A3        -0.25079E+06    19824.       -27239.       0.22781E-03
  10    N2         -56.292        51.151       -60.989      -0.19925E-01
  11    SIG2       0.66855E-02   0.76842E-03   0.86512E-04    579.70    
  12    M2          1.8626       0.20442E-02   0.67122E-03    669.55    

 FCN=  -1492952.     FROM MIGRAD    STATUS=PROGRESS     340 CALLS      900 TOTAL
                     EDM=  0.18E-04  STRATEGY=2  ERROR MATRIX UNCERTAINTY=  3.6%

  EXT PARAMETER                                   STEP         FIRST   
  NO.   NAME        VALUE          ERROR          SIZE      DERIVATIVE 
   1    N1          2480.6        95.891      -0.39820E-03   0.22815E-04
   2    SIG1       0.32000E-02   constant   
   3    GAMMA      0.90268E-02   0.42563E-03  -0.14191E-08    1.8838    
   4    M1          1.5319       0.25604E-03  -0.23913E-09   -2.1697    
   5    PWR        0.55583       0.20772E-01   0.53702E-06   -1.3529    
   6    A0         0.40133E+06    28423.       0.63906       0.30839E-05
   7    A1        -0.97631E+06   0.14872E+06   -2.8781       0.12148E-05
   8    A2         0.11640E+07   0.28750E+06    4.6407       0.59618E-06
   9    A3        -0.50046E+06   0.18915E+06   -2.5512       0.29298E-06
  10    N2         -30.751        51.886       0.29790E-03  -0.89620E-05
  11    SIG2       0.65266E-02   0.78781E-03  -0.53085E-10   0.29933    
  12    M2          1.8617       0.19348E-02   0.34072E-08  -0.54069E-01
 MIGRAD FAILS TO FIND IMPROVEMENT

 MIGRAD MINIMIZATION HAS CONVERGED.

 MIGRAD WILL VERIFY CONVERGENCE AND ERROR MATRIX.
   START COVARIANCE MATRIX CALCULATION.
 EIGENVALUES OF SECOND-DERIVATIVE MATRIX:
         0.6740E-02  0.8600E-02  0.7680E-01  0.4693E+00  0.6750E+00  0.9836E+00
         0.1014E+01  0.1030E+01  0.1288E+01  0.1447E+01  0.4001E+01
 COVARIANCE MATRIX CALCULATED SUCCESSFULLY

 FCN=  -1492952.     FROM MIGRAD    STATUS=CONVERGED    471 CALLS     1031 TOTAL
                     EDM=  0.76E-04    STRATEGY= 2      ERROR MATRIX ACCURATE 

  EXT PARAMETER                                   STEP         FIRST   
  NO.   NAME        VALUE          ERROR          SIZE      DERIVATIVE 
   1    N1          2480.6        92.014        45.656       0.73448E-04
   2    SIG1       0.32000E-02   constant   
   3    GAMMA      0.90268E-02   0.42316E-03   0.22474E-03    14.675    
   4    M1          1.5319       0.25440E-03   0.15168E-03   -1.7334    
   5    PWR        0.55583       0.64543E-02   0.16721E-02   -1.0578    
   6    A0         0.40133E+06    4374.5        369.28       0.47104E-05
   7    A1        -0.97631E+06    11361.        683.97       0.22965E-05
   8    A2         0.11640E+07    17893.        1089.7       0.13246E-05
   9    A3        -0.50046E+06    19752.        1587.9       0.75793E-06
  10    N2         -30.751        52.249        28.517       0.11151E-03
  11    SIG2       0.65266E-02   0.78729E-03   0.46250E-03  -0.50338    
  12    M2          1.8617       0.19865E-02   0.11365E-02    1.0105    

 EXTERNAL ERROR MATRIX.    NDIM=  50    NPAR= 11    ERR DEF=  1.00    
 ELEMENTS ABOVE DIAGONAL ARE NOT PRINTED.
  0.847E+04
  0.176E-01 0.179E-06
  0.128E-03 0.871E-09 0.647E-07
  0.202E+00 0.554E-06-0.492E-07 0.417E-04
  0.495E+05 0.142E+00-0.293E-01 0.227E+02 0.191E+08
 -0.588E+04-0.324E-01 0.389E-01-0.351E+02-0.401E+08 0.129E+09
 -0.754E+05-0.209E+00 0.372E-01-0.164E+02-0.381E+07-0.845E+08 0.320E+09
 -0.103E+05-0.100E-01-0.497E-01 0.323E+02 0.339E+08-0.344E+08-0.276E+09
  0.390E+09
 -0.579E+02-0.165E-03 0.529E-04-0.269E-01-0.182E+05-0.175E+05 0.233E+05
  0.605E+05 0.273E+04
 -0.148E-03-0.422E-09 0.136E-09-0.688E-07-0.466E-01-0.446E-01 0.600E-01
  0.154E+00 0.705E-02 0.620E-06
 -0.564E-03-0.162E-08 0.565E-09-0.286E-06-0.199E+00-0.169E+00 0.265E+00
  0.604E+00 0.292E-01 0.125E-06 0.395E-05

 PARAMETER  CORRELATION COEFFICIENTS
       NO.  GLOBAL     1     3     4     5     6     7     8     9    10    11
        1  0.55516  1.000 0.451 0.005 0.340 0.123-0.006-0.046-0.006-0.012-0.002
        3  0.45558  0.451 1.000 0.008 0.203 0.077-0.007-0.028-0.001-0.007-0.001
        4  0.03583  0.005 0.008 1.000-0.030-0.026 0.013 0.008-0.010 0.004 0.001
        5  0.90081  0.340 0.203-0.030 1.000 0.804-0.479-0.142 0.253-0.080-0.014
        6  0.98982  0.123 0.077-0.026 0.804 1.000-0.807-0.049 0.393-0.079-0.014
        7  0.99469 -0.006-0.007 0.013-0.479-0.807 1.000-0.416-0.153-0.029-0.005
        8  0.99420 -0.046-0.028 0.008-0.142-0.049-0.416 1.000-0.781 0.025 0.004
        9  0.98843 -0.006-0.001-0.010 0.253 0.393-0.153-0.781 1.000 0.059 0.010
       10  0.40383 -0.012-0.007 0.004-0.080-0.079-0.029 0.025 0.059 1.000 0.171
       11  0.17450 -0.002-0.001 0.001-0.014-0.014-0.005 0.004 0.010 0.171 1.000
       12  0.28365 -0.003-0.002 0.001-0.022-0.023-0.008 0.007 0.015 0.282 0.080
                    1.000
 **********
 **   11 **CALL FCN   3.000    
 **********
 **********
 **   12 **STOP 
 **********
 **********
 **   13 **CALL FCN   1.000    
 **********
 **********
 **   14 **SET PRINT   2.000    
 **********
 **********
 **   15 **SET STR   2.000    
 **********

 NOW USING STRATEGY  2: MAKE SURE MINIMUM TRUE, ERRORS CORRECT  

 **********
 **   16 **MIGRAD
 **********
 START MIGRAD MINIMIZATION.  STRATEGY 2.  CONVERGENCE WHEN EDM .LT. 0.10E-03

 FCN=  -1492952.     FROM MIGRAD    STATUS=INITIATE      40 CALLS     1073 TOTAL
                     EDM=  0.13E+02    STRATEGY= 2      ERROR MATRIX ACCURATE 

  EXT PARAMETER                                   STEP         FIRST   
  NO.   NAME        VALUE          ERROR          SIZE      DERIVATIVE 
   1    N1          2480.6        92.014        45.656       0.25973E-01
   2    SIG1       0.32000E-02   constant   
   3    GAMMA      0.90268E-02   0.42316E-03   0.22474E-03    3074.2    
   4    M1          1.5319       0.25440E-03   0.15168E-03    5438.9    
   5    PWR        0.55583       0.64543E-02   0.16721E-02    14.628    
   6    A0         0.40133E+06    4374.5        369.28       0.18308E-02
   7    A1        -0.97631E+06    11361.        683.97       0.21226E-02
   8    A2         0.11640E+07    17893.        1089.7       0.18153E-02
   9    A3        -0.50046E+06    19752.        1587.9       0.13823E-02
  10    N2         -30.751        52.249        28.517      -0.32455E-01
  11    SIG2       0.65266E-02   0.78729E-03   0.46250E-03   -243.45    
  12    M2          1.8617       0.19865E-02   0.11365E-02   -292.40    

 PARAMETER  CORRELATION COEFFICIENTS
       NO.  GLOBAL     1     3     4     5     6     7     8     9    10    11
        1  0.55516  1.000 0.451 0.005 0.340 0.123-0.006-0.046-0.006-0.012-0.002
        3  0.45558  0.451 1.000 0.008 0.203 0.077-0.007-0.028-0.001-0.007-0.001
        4  0.03583  0.005 0.008 1.000-0.030-0.026 0.013 0.008-0.010 0.004 0.001
        5  0.90081  0.340 0.203-0.030 1.000 0.804-0.479-0.142 0.253-0.080-0.014
        6  0.98982  0.123 0.077-0.026 0.804 1.000-0.807-0.049 0.393-0.079-0.014
        7  0.99469 -0.006-0.007 0.013-0.479-0.807 1.000-0.416-0.153-0.029-0.005
        8  0.99420 -0.046-0.028 0.008-0.142-0.049-0.416 1.000-0.781 0.025 0.004
        9  0.98843 -0.006-0.001-0.010 0.253 0.393-0.153-0.781 1.000 0.059 0.010
       10  0.40383 -0.012-0.007 0.004-0.080-0.079-0.029 0.025 0.059 1.000 0.171
       11  0.17450 -0.002-0.001 0.001-0.014-0.014-0.005 0.004 0.010 0.171 1.000
       12  0.28365 -0.003-0.002 0.001-0.022-0.023-0.008 0.007 0.015 0.282 0.080
                    1.000
 MIGRAD FAILS TO FIND IMPROVEMENT
   START COVARIANCE MATRIX CALCULATION.
 EIGENVALUES OF SECOND-DERIVATIVE MATRIX:
         0.2804E-02  0.4744E-02  0.7736E-01  0.4744E+00  0.7716E+00  0.9675E+00
         0.9978E+00  0.1030E+01  0.1219E+01  0.1444E+01  0.4011E+01
 COVARIANCE MATRIX CALCULATED SUCCESSFULLY

 FCN=  -1491302.     FROM HESSE     STATUS=OK           124 CALLS     1203 TOTAL
                     EDM=  0.13E+02    STRATEGY= 2      ERROR MATRIX ACCURATE 

  EXT PARAMETER                                   STEP         FIRST   
  NO.   NAME        VALUE          ERROR          SIZE      DERIVATIVE 
   1    N1          2480.6        92.066        18.262       0.25973E-01
   2    SIG1       0.32000E-02   constant   
   3    GAMMA      0.90268E-02   0.43001E-03   0.89897E-04    3074.0    
   4    M1          1.5319       0.24947E-03   0.60672E-04    5438.8    
   5    PWR        0.55583       0.72478E-02   0.66883E-02    14.669    
   6    A0         0.40133E+06    5712.3        147.71       0.18308E-02
   7    A1        -0.97631E+06    16691.        273.59       0.21226E-02
   8    A2         0.11640E+07    27784.        435.86       0.18153E-02
   9    A3        -0.50046E+06    27853.        635.14       0.13823E-02
  10    N2         -30.751        50.199        11.407      -0.32456E-01
  11    SIG2       0.65266E-02   0.76903E-03   0.37000E-03   -243.44    
  12    M2          1.8617       0.20230E-02   0.45459E-03   -292.39    

 PARAMETER  CORRELATION COEFFICIENTS
       NO.  GLOBAL     1     3     4     5     6     7     8     9    10    11
        1  0.55009  1.000 0.446 0.009 0.303 0.099-0.001-0.050 0.019-0.011 0.000
        3  0.45198  0.446 1.000 0.034 0.181 0.063-0.006-0.029 0.014-0.006 0.000
        4  0.05155  0.009 0.034 1.000-0.031-0.028 0.016 0.007-0.014 0.003 0.000
        5  0.92232  0.303 0.181-0.031 1.000 0.840-0.561-0.069 0.315-0.058 0.000
        6  0.99402  0.099 0.063-0.028 0.840 1.000-0.840 0.079 0.353-0.044 0.000
        7  0.99751 -0.001-0.006 0.016-0.561-0.840 1.000-0.537 0.009-0.037 0.000
        8  0.99756 -0.050-0.029 0.007-0.069 0.079-0.537 1.000-0.823 0.023 0.000
        9  0.99408  0.019 0.014-0.014 0.315 0.353 0.009-0.823 1.000 0.044 0.000
       10  0.34072 -0.011-0.006 0.003-0.058-0.044-0.037 0.023 0.044 1.000-0.002
       11  0.03149  0.000 0.000 0.000 0.000 0.000 0.000 0.000 0.000-0.002 1.000
       12  0.22318  0.003 0.002-0.001 0.012 0.009 0.009-0.004-0.011-0.221-0.030
                    1.000

 FCN=  -1491315.     FROM MIGRAD    STATUS=PROGRESS     211 CALLS     1244 TOTAL
                     EDM=  0.32E-01    STRATEGY= 2      ERROR MATRIX ACCURATE 

  EXT PARAMETER                                   STEP         FIRST   
  NO.   NAME        VALUE          ERROR          SIZE      DERIVATIVE 
   1    N1          2376.0        92.066       -104.64      -0.71310E-03
   2    SIG1       0.32000E-02   constant   
   3    GAMMA      0.85952E-02   0.43001E-03  -0.43166E-03   -59.322    
   4    M1          1.5317       0.24947E-03  -0.18916E-03   -135.98    
   5    PWR        0.56073       0.72478E-02   0.48933E-02    1.2977    
   6    A0         0.40506E+06    5712.3        3727.2      -0.23655E-03
   7    A1        -0.97566E+06    16691.        652.01      -0.10919E-03
   8    A2         0.11592E+07    27784.       -4750.1      -0.59437E-04
   9    A3        -0.51444E+06    27853.       -13980.      -0.34812E-04
  10    N2         -18.837        50.199        11.915      -0.67100E-03
  11    SIG2       0.65912E-02   0.76903E-03   0.64608E-04   -7.6815    
  12    M2          1.8622       0.20230E-02   0.45151E-03   -2.0631    

 MIGRAD MINIMIZATION HAS CONVERGED.

 MIGRAD WILL VERIFY CONVERGENCE AND ERROR MATRIX.
   START COVARIANCE MATRIX CALCULATION.
 EIGENVALUES OF SECOND-DERIVATIVE MATRIX:
         0.6842E-02  0.8689E-02  0.7670E-01  0.4805E+00  0.7882E+00  0.9809E+00
         0.1006E+01  0.1017E+01  0.1195E+01  0.1441E+01  0.4000E+01
 COVARIANCE MATRIX CALCULATED SUCCESSFULLY

 FCN=  -1491315.     FROM MIGRAD    STATUS=CONVERGED    491 CALLS     1524 TOTAL
                     EDM=  0.89E-04    STRATEGY= 2      ERROR MATRIX ACCURATE 

  EXT PARAMETER                                   STEP         FIRST   
  NO.   NAME        VALUE          ERROR          SIZE      DERIVATIVE 
   1    N1          2375.7        89.172        44.578       0.63219E-04
   2    SIG1       0.32000E-02   constant   
   3    GAMMA      0.86005E-02   0.42528E-03   0.22686E-03    11.707    
   4    M1          1.5317       0.24712E-03   0.14726E-03   0.48807    
   5    PWR        0.57082       0.63393E-02   0.16692E-02   0.87000    
   6    A0         0.41901E+06    4392.7        372.43       0.46536E-06
   7    A1        -0.10447E+07    11335.        685.08       0.90807E-06
   8    A2         0.12838E+07    17723.        1087.7       0.66272E-06
   9    A3        -0.59101E+06    19578.        1582.2       0.40239E-06
  10    N2         -15.314        51.034        28.779       0.14816E-03
  11    SIG2       0.65954E-02   0.76978E-03   0.45812E-03   0.92566    
  12    M2          1.8621       0.20222E-02   0.11831E-02  -0.40666    

 EXTERNAL ERROR MATRIX.    NDIM=  50    NPAR= 11    ERR DEF=  1.00    
 ELEMENTS ABOVE DIAGONAL ARE NOT PRINTED.
  0.795E+04
  0.168E-01 0.181E-06
  0.233E-03 0.177E-08 0.611E-07
  0.189E+00 0.529E-06-0.392E-07 0.402E-04
  0.480E+05 0.140E+00-0.252E-01 0.223E+02 0.193E+08
 -0.795E+04-0.369E-01 0.344E-01-0.342E+02-0.402E+08 0.128E+09
 -0.712E+05-0.200E+00 0.312E-01-0.162E+02-0.413E+07-0.825E+08 0.314E+09
 -0.919E+04-0.957E-02-0.432E-01 0.309E+02 0.338E+08-0.355E+08-0.270E+09
  0.383E+09
 -0.515E+02-0.149E-03 0.436E-04-0.252E-01-0.178E+05-0.156E+05 0.227E+05
  0.560E+05 0.260E+04
 -0.476E-04-0.137E-09 0.401E-10-0.232E-07-0.163E-01-0.144E-01 0.209E-01
  0.515E-01 0.240E-02 0.593E-06
  0.416E-03 0.120E-08-0.329E-09 0.191E-06 0.132E+00 0.127E+00-0.163E+00
 -0.444E+00-0.199E-01-0.364E-07 0.409E-05

 PARAMETER  CORRELATION COEFFICIENTS
       NO.  GLOBAL     1     3     4     5     6     7     8     9    10    11
        1  0.54498  1.000 0.442 0.011 0.335 0.123-0.008-0.045-0.005-0.011-0.001
        3  0.44686  0.442 1.000 0.017 0.196 0.075-0.008-0.027-0.001-0.007 0.000
        4  0.03607  0.011 0.017 1.000-0.025-0.023 0.012 0.007-0.009 0.003 0.000
        5  0.89723  0.335 0.196-0.025 1.000 0.801-0.475-0.144 0.249-0.078-0.005
        6  0.98972  0.123 0.075-0.023 0.801 1.000-0.807-0.053 0.393-0.079-0.005
        7  0.99464 -0.008-0.008 0.012-0.475-0.807 1.000-0.411-0.160-0.027-0.002
        8  0.99410 -0.045-0.027 0.007-0.144-0.053-0.411 1.000-0.778 0.025 0.002
        9  0.98831 -0.005-0.001-0.009 0.249 0.393-0.160-0.778 1.000 0.056 0.003
       10  0.32493 -0.011-0.007 0.003-0.078-0.079-0.027 0.025 0.056 1.000 0.061
       11  0.06215 -0.001 0.000 0.000-0.005-0.005-0.002 0.002 0.003 0.061 1.000
       12  0.19319  0.002 0.001-0.001 0.015 0.015 0.006-0.005-0.011-0.193-0.023
                    1.000
 **********
 **   17 **CALL FCN   3.000    
 **********
 **********
 **   18 **STOP 
 **********
 **********
 **   19 **CALL FCN   1.000    
 **********
 **********
 **   20 **SET PRINT   2.000    
 **********
 **********
 **   21 **SET STR   2.000    
 **********

 NOW USING STRATEGY  2: MAKE SURE MINIMUM TRUE, ERRORS CORRECT  

 **********
 **   22 **MIGRAD
 **********
 START MIGRAD MINIMIZATION.  STRATEGY 2.  CONVERGENCE WHEN EDM .LT. 0.10E-03

 FCN=  -1491315.     FROM MIGRAD    STATUS=INITIATE      40 CALLS     1566 TOTAL
                     EDM=  0.24E+02    STRATEGY= 2      ERROR MATRIX ACCURATE 

  EXT PARAMETER                                   STEP         FIRST   
  NO.   NAME        VALUE          ERROR          SIZE      DERIVATIVE 
   1    N1          2375.7        89.172        44.578      -0.59675E-01
   2    SIG1       0.32000E-02   constant   
   3    GAMMA      0.86005E-02   0.42528E-03   0.22686E-03   -3039.3    
   4    M1          1.5317       0.24712E-03   0.14726E-03   -9487.6    
   5    PWR        0.57082       0.63393E-02   0.16692E-02   -47.694    
   6    A0         0.41901E+06    4392.7        372.43      -0.21124E-03
   7    A1        -0.10447E+07    11335.        685.08      -0.12606E-02
   8    A2         0.12838E+07    17723.        1087.7      -0.12469E-02
   9    A3        -0.59101E+06    19578.        1582.2      -0.93901E-03
  10    N2         -15.314        51.034        28.779      -0.73173E-01
  11    SIG2       0.65954E-02   0.76978E-03   0.45812E-03   -236.48    
  12    M2          1.8621       0.20222E-02   0.11831E-02   -40.849    

 PARAMETER  CORRELATION COEFFICIENTS
       NO.  GLOBAL     1     3     4     5     6     7     8     9    10    11
        1  0.54498  1.000 0.442 0.011 0.335 0.123-0.008-0.045-0.005-0.011-0.001
        3  0.44686  0.442 1.000 0.017 0.196 0.075-0.008-0.027-0.001-0.007 0.000
        4  0.03607  0.011 0.017 1.000-0.025-0.023 0.012 0.007-0.009 0.003 0.000
        5  0.89723  0.335 0.196-0.025 1.000 0.801-0.475-0.144 0.249-0.078-0.005
        6  0.98972  0.123 0.075-0.023 0.801 1.000-0.807-0.053 0.393-0.079-0.005
        7  0.99464 -0.008-0.008 0.012-0.475-0.807 1.000-0.411-0.160-0.027-0.002
        8  0.99410 -0.045-0.027 0.007-0.144-0.053-0.411 1.000-0.778 0.025 0.002
        9  0.98831 -0.005-0.001-0.009 0.249 0.393-0.160-0.778 1.000 0.056 0.003
       10  0.32493 -0.011-0.007 0.003-0.078-0.079-0.027 0.025 0.056 1.000 0.061
       11  0.06215 -0.001 0.000 0.000-0.005-0.005-0.002 0.002 0.003 0.061 1.000
       12  0.19319  0.002 0.001-0.001 0.015 0.015 0.006-0.005-0.011-0.193-0.023
                    1.000
 MIGRAD FAILS TO FIND IMPROVEMENT
   START COVARIANCE MATRIX CALCULATION.
 EIGENVALUES OF SECOND-DERIVATIVE MATRIX:
         0.2965E-02  0.4885E-02  0.7043E-01  0.4617E+00  0.5796E+00  0.9697E+00
         0.9894E+00  0.1010E+01  0.1435E+01  0.1465E+01  0.4012E+01
 COVARIANCE MATRIX CALCULATED SUCCESSFULLY

 FCN=  -1490758.     FROM HESSE     STATUS=OK           124 CALLS     1697 TOTAL
                     EDM=  0.26E+02    STRATEGY= 2      ERROR MATRIX ACCURATE 

  EXT PARAMETER                                   STEP         FIRST   
  NO.   NAME        VALUE          ERROR          SIZE      DERIVATIVE 
   1    N1          2375.7        88.898        17.831      -0.59675E-01
   2    SIG1       0.32000E-02   constant   
   3    GAMMA      0.86005E-02   0.41375E-03   0.90744E-04   -3039.3    
   4    M1          1.5317       0.25431E-03   0.11781E-03   -9489.2    
   5    PWR        0.57082       0.71956E-02   0.66766E-03   -47.695    
   6    A0         0.41901E+06    5567.1        297.94      -0.21127E-03
   7    A1        -0.10447E+07    15883.        274.03      -0.12606E-02
   8    A2         0.12838E+07    27202.        435.09      -0.12469E-02
   9    A3        -0.59101E+06    27339.        632.88      -0.93901E-03
  10    N2         -15.314        54.636        11.512      -0.73174E-01
  11    SIG2       0.65954E-02   0.78853E-03   0.18325E-03   -236.48    
  12    M2          1.8621       0.22364E-02   0.94649E-03   -40.821    

 PARAMETER  CORRELATION COEFFICIENTS
       NO.  GLOBAL     1     3     4     5     6     7     8     9    10    11
        1  0.55755  1.000 0.449 0.014 0.328 0.121-0.008-0.056 0.023-0.016 0.004
        3  0.45503  0.449 1.000-0.024 0.198 0.077-0.009-0.033 0.017-0.010 0.003
        4  0.05023  0.014-0.024 1.000-0.029-0.028 0.016 0.008-0.014 0.004-0.001
        5  0.92102  0.328 0.198-0.029 1.000 0.834-0.528-0.104 0.306-0.078 0.019
        6  0.99363  0.121 0.077-0.028 0.834 1.000-0.821 0.040 0.354-0.063 0.016
        7  0.99729 -0.008-0.009 0.016-0.528-0.821 1.000-0.525 0.015-0.037 0.009
        8  0.99753 -0.056-0.033 0.008-0.104 0.040-0.525 1.000-0.831 0.029-0.007
        9  0.99408  0.023 0.017-0.014 0.306 0.354 0.015-0.831 1.000 0.045-0.011
       10  0.51093 -0.016-0.010 0.004-0.078-0.063-0.037 0.029 0.045 1.000-0.251
       11  0.25279  0.004 0.003-0.001 0.019 0.016 0.009-0.007-0.011-0.251 1.000
       12  0.39130  0.006 0.004-0.002 0.030 0.024 0.015-0.011-0.018-0.390 0.068
                    1.000

 FCN=  -1490785.     FROM MIGRAD    STATUS=PROGRESS     213 CALLS     1739 TOTAL
                     EDM=  0.22E+01    STRATEGY= 2      ERROR MATRIX ACCURATE 

  EXT PARAMETER                                   STEP         FIRST   
  NO.   NAME        VALUE          ERROR          SIZE      DERIVATIVE 
   1    N1          2592.2        88.898        216.52      -0.11705E-02
   2    SIG1       0.32000E-02   constant   
   3    GAMMA      0.92101E-02   0.41375E-03   0.60955E-03    79.034    
   4    M1          1.5320       0.25431E-03   0.35438E-03    433.44    
   5    PWR        0.55841       0.71956E-02  -0.12408E-01    80.492    
   6    A0         0.40707E+06    5567.1       -11941.      -0.18173E-03
   7    A1        -0.10339E+07    15883.        10807.      -0.14299E-03
   8    A2         0.13106E+07    27202.        26734.      -0.53967E-04
   9    A3        -0.61117E+06    27339.       -20151.       0.25740E-04
  10    N2          131.63        54.636        146.95       0.11267E-01
  11    SIG2       0.61356E-02   0.78853E-03  -0.45984E-03   -615.84    
  12    M2          1.8599       0.22364E-02  -0.22554E-02   -734.10    

 MIGRAD MINIMIZATION HAS CONVERGED.

 MIGRAD WILL VERIFY CONVERGENCE AND ERROR MATRIX.
   START COVARIANCE MATRIX CALCULATION.
 EIGENVALUES OF SECOND-DERIVATIVE MATRIX:
         0.6821E-02  0.8747E-02  0.7827E-01  0.4729E+00  0.7466E+00  0.9310E+00
         0.9940E+00  0.1030E+01  0.1290E+01  0.1445E+01  0.3997E+01
 COVARIANCE MATRIX CALCULATED SUCCESSFULLY

 FCN=  -1490790.     FROM HESSE     STATUS=OK           136 CALLS     2075 TOTAL
                     EDM=  0.56E-04    STRATEGY= 2      ERROR MATRIX ACCURATE 

  EXT PARAMETER                                   STEP         FIRST   
  NO.   NAME        VALUE          ERROR          SIZE      DERIVATIVE 
   1    N1          2552.9        93.129        46.184       0.35827E-04
   2    SIG1       0.32000E-02   constant   
   3    GAMMA      0.91037E-02   0.41640E-03   0.22130E-03    12.007    
   4    M1          1.5320       0.25537E-03   0.15213E-03  -0.99134    
   5    PWR        0.56913       0.62920E-02   0.16728E-02    1.1104    
   6    A0         0.43094E+06    4337.4        372.29      -0.44923E-06
   7    A1        -0.12046E+07    11369.        686.94       0.46297E-06
   8    A2         0.17151E+07    17851.        1091.8       0.46701E-06
   9    A3        -0.91196E+06    19737.        1588.5       0.34190E-06
  10    N2          122.15        51.189        28.807       0.13543E-03
  11    SIG2       0.63646E-02   0.77117E-03   0.45385E-03    5.2781    
  12    M2          1.8608       0.16549E-02   0.95064E-03    5.5262    

 PARAMETER  CORRELATION COEFFICIENTS
       NO.  GLOBAL     1     3     4     5     6     7     8     9    10    11
        1  0.55493  1.000 0.448 0.007 0.348 0.126-0.008-0.045-0.006-0.012 0.000
        3  0.45304  0.448 1.000 0.011 0.206 0.078-0.008-0.027-0.001-0.007 0.000
        4  0.03735  0.007 0.011 1.000-0.030-0.027 0.014 0.008-0.010 0.004 0.000
        5  0.89507  0.348 0.206-0.030 1.000 0.793-0.468-0.137 0.244-0.074-0.001
        6  0.98946  0.126 0.078-0.027 0.793 1.000-0.808-0.043 0.392-0.075 0.000
        7  0.99464 -0.008-0.008 0.014-0.468-0.808 1.000-0.418-0.155-0.027-0.001
        8  0.99414 -0.045-0.027 0.008-0.137-0.043-0.418 1.000-0.778 0.023 0.000
        9  0.98837 -0.006-0.001-0.010 0.244 0.392-0.155-0.778 1.000 0.054 0.001
       10  0.33008 -0.012-0.007 0.004-0.074-0.075-0.027 0.023 0.054 1.000 0.014
       11  0.15982  0.000 0.000 0.000-0.001 0.000-0.001 0.000 0.001 0.014 1.000
       12  0.26760  0.002 0.001-0.001 0.017 0.020 0.004-0.007-0.009-0.218 0.152
                    1.000

 FCN=  -1490790.     FROM MIGRAD    STATUS=PROGRESS     572 CALLS     2098 TOTAL
                     EDM=  0.11E-05    STRATEGY= 2      ERROR MATRIX ACCURATE 

  EXT PARAMETER                                   STEP         FIRST   
  NO.   NAME        VALUE          ERROR          SIZE      DERIVATIVE 
   1    N1          2552.6        93.129      -0.33741       0.32854E-06
   2    SIG1       0.32000E-02   constant   
   3    GAMMA      0.91021E-02   0.41640E-03  -0.15553E-05   -1.9588    
   4    M1          1.5320       0.25537E-03   0.30671E-07   0.97403    
   5    PWR        0.56912       0.62920E-02  -0.16759E-04  -0.31415E-01
   6    A0         0.43094E+06    4337.4       -4.5520       0.40925E-07
   7    A1        -0.12046E+07    11369.        6.7792      -0.95124E-07
   8    A2         0.17151E+07    17851.        1.5660      -0.21710E-07
   9    A3        -0.91197E+06    19737.       -6.4683       0.15060E-08
  10    N2          122.03        51.189      -0.12717      -0.14178E-04
  11    SIG2       0.63625E-02   0.77117E-03  -0.21425E-05  -0.91626    
  12    M2          1.8608       0.16549E-02  -0.68268E-05  -0.83699    

 MIGRAD MINIMIZATION HAS CONVERGED.

 MIGRAD WILL VERIFY CONVERGENCE AND ERROR MATRIX.
   START COVARIANCE MATRIX CALCULATION.
 EIGENVALUES OF SECOND-DERIVATIVE MATRIX:
         0.5841E-03  0.2509E-02  0.7394E-01  0.4702E+00  0.7636E+00  0.9379E+00
         0.9975E+00  0.1030E+01  0.1262E+01  0.1448E+01  0.4014E+01
 COVARIANCE MATRIX CALCULATED SUCCESSFULLY

 FCN=  -1490790.     FROM MIGRAD    STATUS=CONVERGED    712 CALLS     2238 TOTAL
                     EDM=  0.35E-05    STRATEGY= 2      ERROR MATRIX ACCURATE 

  EXT PARAMETER                                   STEP         FIRST   
  NO.   NAME        VALUE          ERROR          SIZE      DERIVATIVE 
   1    N1          2552.6        93.836        3.6947       0.68532E-06
   2    SIG1       0.32000E-02   constant   
